E=900.00000000000000     
    3.00   0.43672E+03   0.18349E-06 
    3.10   0.37998E+03   0.19596E-06 
    3.20   0.33190E+03   0.20885E-06 
    3.30   0.29096E+03   0.22215E-06 
    3.40   0.25594E+03   0.23586E-06 
    3.50   0.22586E+03   0.24999E-06 
    3.60   0.19991E+03   0.26452E-06 
    3.70   0.17745E+03   0.27947E-06 
    3.80   0.15792E+03   0.29482E-06 
    3.90   0.14090E+03   0.31060E-06 
    4.00   0.12601E+03   0.32678E-06 
    4.10   0.11295E+03   0.34337E-06 
    4.20   0.10145E+03   0.36038E-06 
    4.30   0.91308E+02   0.37780E-06 
    4.40   0.82335E+02   0.39563E-06 
    4.50   0.74378E+02   0.41388E-06 
    4.60   0.67304E+02   0.43253E-06 
    4.70   0.61003E+02   0.45161E-06 
    4.80   0.55377E+02   0.47109E-06 
    4.90   0.50343E+02   0.49099E-06 
    5.00   0.45832E+02   0.51130E-06 
    5.10   0.41780E+02   0.53203E-06 
    5.20   0.38135E+02   0.55317E-06 
    5.30   0.34851E+02   0.57473E-06 
    5.40   0.31886E+02   0.59670E-06 
    5.50   0.29206E+02   0.61908E-06 
    5.60   0.26779E+02   0.64189E-06 
    5.70   0.24579E+02   0.66510E-06 
    5.80   0.22581E+02   0.68873E-06 
    5.90   0.20765E+02   0.71278E-06 
    6.00   0.19112E+02   0.73725E-06 
    6.10   0.17605E+02   0.76213E-06 
    6.20   0.16231E+02   0.78742E-06 
    6.30   0.14975E+02   0.81314E-06 
    6.40   0.13826E+02   0.83927E-06 
    6.50   0.12775E+02   0.86582E-06 
    6.60   0.11812E+02   0.89278E-06 
    6.70   0.10929E+02   0.92017E-06 
    6.80   0.10117E+02   0.94797E-06 
    6.90   0.93722E+01   0.97619E-06 
    7.00   0.86869E+01   0.10048E-05 
    7.10   0.80561E+01   0.10339E-05 
    7.20   0.74750E+01   0.10634E-05 
    7.30   0.69394E+01   0.10933E-05 
    7.40   0.64453E+01   0.11236E-05 
    7.50   0.59891E+01   0.11543E-05 
    7.60   0.55678E+01   0.11855E-05 
    7.70   0.51782E+01   0.12171E-05 
    7.80   0.48179E+01   0.12491E-05 
    7.90   0.44845E+01   0.12815E-05 
    8.00   0.41756E+01   0.13143E-05 
    8.10   0.38895E+01   0.13476E-05 
    8.20   0.36242E+01   0.13813E-05 
    8.30   0.33781E+01   0.14154E-05 
    8.40   0.31497E+01   0.14499E-05 
    8.50   0.29376E+01   0.14849E-05 
    8.60   0.27406E+01   0.15202E-05 
    8.70   0.25575E+01   0.15560E-05 
    8.80   0.23873E+01   0.15923E-05 
    8.90   0.22289E+01   0.16289E-05 
    9.00   0.20816E+01   0.16660E-05 
    9.10   0.19444E+01   0.17035E-05 
    9.20   0.18166E+01   0.17414E-05 
    9.30   0.16976E+01   0.17797E-05 
    9.40   0.15867E+01   0.18185E-05 
    9.50   0.14834E+01   0.18577E-05 
    9.60   0.13870E+01   0.18973E-05 
    9.70   0.12970E+01   0.19374E-05 
    9.80   0.12131E+01   0.19779E-05 
    9.90   0.11348E+01   0.20188E-05 
   10.00   0.10617E+01   0.20601E-05 
E=950.00000000000000     
    3.00   0.38666E+03   0.20445E-06 
    3.10   0.33612E+03   0.21835E-06 
    3.20   0.29331E+03   0.23271E-06 
    3.30   0.25688E+03   0.24753E-06 
    3.40   0.22573E+03   0.26281E-06 
    3.50   0.19900E+03   0.27855E-06 
    3.60   0.17595E+03   0.29474E-06 
    3.70   0.15600E+03   0.31140E-06 
    3.80   0.13868E+03   0.32851E-06 
    3.90   0.12359E+03   0.34608E-06 
    4.00   0.11039E+03   0.36412E-06 
    4.10   0.98828E+02   0.38261E-06 
    4.20   0.88658E+02   0.40156E-06 
    4.30   0.79692E+02   0.42097E-06 
    4.40   0.71766E+02   0.44085E-06 
    4.50   0.64743E+02   0.46118E-06 
    4.60   0.58506E+02   0.48198E-06 
    4.70   0.52954E+02   0.50323E-06 
    4.80   0.48001E+02   0.52495E-06 
    4.90   0.43574E+02   0.54713E-06 
    5.00   0.39610E+02   0.56977E-06 
    5.10   0.36054E+02   0.59287E-06 
    5.20   0.32857E+02   0.61644E-06 
    5.30   0.29980E+02   0.64047E-06 
    5.40   0.27385E+02   0.66496E-06 
    5.50   0.25042E+02   0.68991E-06 
    5.60   0.22923E+02   0.71533E-06 
    5.70   0.21004E+02   0.74121E-06 
    5.80   0.19263E+02   0.76756E-06 
    5.90   0.17683E+02   0.79437E-06 
    6.00   0.16246E+02   0.82164E-06 
    6.10   0.14938E+02   0.84938E-06 
    6.20   0.13746E+02   0.87759E-06 
    6.30   0.12658E+02   0.90626E-06 
    6.40   0.11665E+02   0.93540E-06 
    6.50   0.10757E+02   0.96500E-06 
    6.60   0.99267E+01   0.99507E-06 
    6.70   0.91658E+01   0.10256E-05 
    6.80   0.84683E+01   0.10566E-05 
    6.90   0.78283E+01   0.10881E-05 
    7.00   0.72407E+01   0.11200E-05 
    7.10   0.67006E+01   0.11524E-05 
    7.20   0.62039E+01   0.11853E-05 
    7.30   0.57468E+01   0.12187E-05 
    7.40   0.53257E+01   0.12525E-05 
    7.50   0.49377E+01   0.12867E-05 
    7.60   0.45798E+01   0.13215E-05 
    7.70   0.42496E+01   0.13567E-05 
    7.80   0.39446E+01   0.13924E-05 
    7.90   0.36629E+01   0.14286E-05 
    8.00   0.34025E+01   0.14652E-05 
    8.10   0.31616E+01   0.15023E-05 
    8.20   0.29387E+01   0.15399E-05 
    8.30   0.27323E+01   0.15780E-05 
    8.40   0.25411E+01   0.16165E-05 
    8.50   0.23639E+01   0.16555E-05 
    8.60   0.21997E+01   0.16950E-05 
    8.70   0.20474E+01   0.17349E-05 
    8.80   0.19060E+01   0.17753E-05 
    8.90   0.17748E+01   0.18162E-05 
    9.00   0.16530E+01   0.18576E-05 
    9.10   0.15398E+01   0.18994E-05 
    9.20   0.14346E+01   0.19417E-05 
    9.30   0.13369E+01   0.19845E-05 
    9.40   0.12460E+01   0.20278E-05 
    9.50   0.11615E+01   0.20716E-05 
    9.60   0.10828E+01   0.21158E-05 
    9.70   0.10096E+01   0.21605E-05 
    9.80   0.94151E+00   0.22057E-05 
    9.90   0.87808E+00   0.22513E-05 
   10.00   0.81901E+00   0.22975E-05 
E=1000.0000000000000     
    3.00   0.34400E+03   0.22655E-06 
    3.10   0.29874E+03   0.24196E-06 
    3.20   0.26043E+03   0.25787E-06 
    3.30   0.22785E+03   0.27429E-06 
    3.40   0.20001E+03   0.29122E-06 
    3.50   0.17612E+03   0.30866E-06 
    3.60   0.15555E+03   0.32661E-06 
    3.70   0.13775E+03   0.34506E-06 
    3.80   0.12231E+03   0.36403E-06 
    3.90   0.10887E+03   0.38351E-06 
    4.00   0.97126E+02   0.40349E-06 
    4.10   0.86837E+02   0.42398E-06 
    4.20   0.77798E+02   0.44499E-06 
    4.30   0.69836E+02   0.46651E-06 
    4.40   0.62803E+02   0.48853E-06 
    4.50   0.56577E+02   0.51107E-06 
    4.60   0.51053E+02   0.53412E-06 
    4.70   0.46139E+02   0.55768E-06 
    4.80   0.41761E+02   0.58175E-06 
    4.90   0.37851E+02   0.60634E-06 
    5.00   0.34354E+02   0.63143E-06 
    5.10   0.31219E+02   0.65704E-06 
    5.20   0.28405E+02   0.68317E-06 
    5.30   0.25874E+02   0.70980E-06 
    5.40   0.23594E+02   0.73696E-06 
    5.50   0.21538E+02   0.76462E-06 
    5.60   0.19681E+02   0.79280E-06 
    5.70   0.18001E+02   0.82150E-06 
    5.80   0.16479E+02   0.85071E-06 
    5.90   0.15099E+02   0.88043E-06 
    6.00   0.13846E+02   0.91067E-06 
    6.10   0.12706E+02   0.94143E-06 
    6.20   0.11670E+02   0.97271E-06 
    6.30   0.10725E+02   0.10045E-05 
    6.40   0.98637E+01   0.10368E-05 
    6.50   0.90774E+01   0.10696E-05 
    6.60   0.83590E+01   0.11030E-05 
    6.70   0.77020E+01   0.11369E-05 
    6.80   0.71006E+01   0.11712E-05 
    6.90   0.65497E+01   0.12061E-05 
    7.00   0.60446E+01   0.12416E-05 
    7.10   0.55812E+01   0.12775E-05 
    7.20   0.51558E+01   0.13140E-05 
    7.30   0.47648E+01   0.13510E-05 
    7.40   0.44054E+01   0.13885E-05 
    7.50   0.40747E+01   0.14265E-05 
    7.60   0.37703E+01   0.14651E-05 
    7.70   0.34899E+01   0.15041E-05 
    7.80   0.32315E+01   0.15437E-05 
    7.90   0.29932E+01   0.15839E-05 
    8.00   0.27733E+01   0.16245E-05 
    8.10   0.25703E+01   0.16657E-05 
    8.20   0.23829E+01   0.17074E-05 
    8.30   0.22097E+01   0.17496E-05 
    8.40   0.20496E+01   0.17923E-05 
    8.50   0.19016E+01   0.18356E-05 
    8.60   0.17646E+01   0.18794E-05 
    8.70   0.16378E+01   0.19237E-05 
    8.80   0.15205E+01   0.19686E-05 
    8.90   0.14118E+01   0.20140E-05 
    9.00   0.13111E+01   0.20599E-05 
    9.10   0.12178E+01   0.21063E-05 
    9.20   0.11313E+01   0.21533E-05 
    9.30   0.10511E+01   0.22008E-05 
    9.40   0.97664E+00   0.22488E-05 
    9.50   0.90761E+00   0.22974E-05 
    9.60   0.84355E+00   0.23465E-05 
    9.70   0.78408E+00   0.23961E-05 
    9.80   0.72887E+00   0.24463E-05 
    9.90   0.67759E+00   0.24970E-05 
   10.00   0.62997E+00   0.25482E-05 
E=1050.00000000000000
   3.00   0.37438E+03   0.21021E-06
   3.10   0.32533E+03   0.22450E-06
   3.20   0.28381E+03   0.23927E-06
   3.30   0.24848E+03   0.25451E-06
   3.40   0.21828E+03   0.27021E-06
   3.50   0.19236E+03   0.28640E-06
   3.60   0.17001E+03   0.30305E-06
   3.70   0.15068E+03   0.32017E-06
   3.80   0.13390E+03   0.33777E-06
   3.90   0.11928E+03   0.35584E-06
   4.00   0.10651E+03   0.37438E-06
   4.10   0.95311E+02   0.39340E-06
   4.20   0.85467E+02   0.41288E-06
   4.30   0.76790E+02   0.43284E-06
   4.40   0.69123E+02   0.45328E-06
   4.50   0.62330E+02   0.47419E-06
   4.60   0.56299E+02   0.49557E-06
   4.70   0.50933E+02   0.51743E-06
   4.80   0.46147E+02   0.53976E-06
   4.90   0.41871E+02   0.56257E-06
   5.00   0.38042E+02   0.58585E-06
   5.10   0.34609E+02   0.60961E-06
   5.20   0.31524E+02   0.63384E-06
   5.30   0.28748E+02   0.65855E-06
   5.40   0.26246E+02   0.68374E-06
   5.50   0.23987E+02   0.70940E-06
   5.60   0.21945E+02   0.73554E-06
   5.70   0.20096E+02   0.76215E-06
   5.80   0.18420E+02   0.78925E-06
   5.90   0.16899E+02   0.81682E-06
   6.00   0.15516E+02   0.84487E-06
   6.10   0.14258E+02   0.87340E-06
   6.20   0.13112E+02   0.90241E-06
   6.30   0.12067E+02   0.93189E-06
   6.40   0.11113E+02   0.96186E-06
   6.50   0.10242E+02   0.99230E-06
   6.60   0.94445E+01   0.10232E-05
   6.70   0.87147E+01   0.10546E-05
   6.80   0.80460E+01   0.10865E-05
   6.90   0.74328E+01   0.11189E-05
   7.00   0.68700E+01   0.11517E-05
   7.10   0.63530E+01   0.11851E-05
   7.20   0.58778E+01   0.12189E-05
   7.30   0.54407E+01   0.12532E-05
   7.40   0.50383E+01   0.12880E-05
   7.50   0.46676E+01   0.13232E-05
   7.60   0.43260E+01   0.13590E-05
   7.70   0.40109E+01   0.13952E-05
   7.80   0.37202E+01   0.14319E-05
   7.90   0.34517E+01   0.14691E-05
   8.00   0.32037E+01   0.15068E-05
   8.10   0.29744E+01   0.15450E-05
   8.20   0.27624E+01   0.15836E-05
   8.30   0.25662E+01   0.16228E-05
   8.40   0.23846E+01   0.16624E-05
   8.50   0.22164E+01   0.17025E-05
   8.60   0.20606E+01   0.17431E-05
   8.70   0.19162E+01   0.17842E-05
   8.80   0.17823E+01   0.18258E-05
   8.90   0.16581E+01   0.18679E-05
   9.00   0.15428E+01   0.19104E-05
   9.10   0.14358E+01   0.19535E-05
   9.20   0.13365E+01   0.19970E-05
   9.30   0.12442E+01   0.20410E-05
   9.40   0.11585E+01   0.20855E-05
   9.50   0.10789E+01   0.21305E-05
   9.60   0.10048E+01   0.21760E-05
   9.70   0.93595E+00   0.22220E-05
   9.80   0.87191E+00   0.22685E-05
   9.90   0.81233E+00   0.23155E-05
  10.00   0.75689E+00   0.23629E-05
E=1100.00000000000000
   3.00   0.33950E+03   0.22899E-06
   3.10   0.29479E+03   0.24456E-06
   3.20   0.25694E+03   0.26065E-06
   3.30   0.22475E+03   0.27725E-06
   3.40   0.19726E+03   0.29436E-06
   3.50   0.17367E+03   0.31199E-06
   3.60   0.15335E+03   0.33013E-06
   3.70   0.13578E+03   0.34878E-06
   3.80   0.12054E+03   0.36796E-06
   3.90   0.10726E+03   0.38764E-06
   4.00   0.95672E+02   0.40784E-06
   4.10   0.85519E+02   0.42856E-06
   4.20   0.76600E+02   0.44979E-06
   4.30   0.68744E+02   0.47154E-06
   4.40   0.61807E+02   0.49381E-06
   4.50   0.55666E+02   0.51659E-06
   4.60   0.50218E+02   0.53989E-06
   4.70   0.45373E+02   0.56370E-06
   4.80   0.41057E+02   0.58804E-06
   4.90   0.37203E+02   0.61289E-06
   5.00   0.33756E+02   0.63826E-06
   5.10   0.30667E+02   0.66415E-06
   5.20   0.27895E+02   0.69056E-06
   5.30   0.25402E+02   0.71748E-06
   5.40   0.23157E+02   0.74493E-06
   5.50   0.21133E+02   0.77290E-06
   5.60   0.19305E+02   0.80139E-06
   5.70   0.17651E+02   0.83039E-06
   5.80   0.16154E+02   0.85992E-06
   5.90   0.14796E+02   0.88997E-06
   6.00   0.13563E+02   0.92055E-06
   6.10   0.12443E+02   0.95164E-06
   6.20   0.11424E+02   0.98326E-06
   6.30   0.10496E+02   0.10154E-05
   6.40   0.96495E+01   0.10481E-05
   6.50   0.88771E+01   0.10813E-05
   6.60   0.81716E+01   0.11150E-05
   6.70   0.75265E+01   0.11492E-05
   6.80   0.69362E+01   0.11840E-05
   6.90   0.63956E+01   0.12193E-05
   7.00   0.59001E+01   0.12551E-05
   7.10   0.54457E+01   0.12914E-05
   7.20   0.50285E+01   0.13283E-05
   7.30   0.46454E+01   0.13657E-05
   7.40   0.42932E+01   0.14036E-05
   7.50   0.39693E+01   0.14420E-05
   7.60   0.36712E+01   0.14810E-05
   7.70   0.33967E+01   0.15205E-05
   7.80   0.31438E+01   0.15606E-05
   7.90   0.29107E+01   0.16011E-05
   8.00   0.26956E+01   0.16422E-05
   8.10   0.24972E+01   0.16838E-05
   8.20   0.23140E+01   0.17260E-05
   8.30   0.21448E+01   0.17687E-05
   8.40   0.19885E+01   0.18119E-05
   8.50   0.18440E+01   0.18556E-05
   8.60   0.17103E+01   0.18999E-05
   8.70   0.15867E+01   0.19447E-05
   8.80   0.14723E+01   0.19901E-05
   8.90   0.13663E+01   0.20360E-05
   9.00   0.12682E+01   0.20824E-05
   9.10   0.11773E+01   0.21294E-05
   9.20   0.10931E+01   0.21768E-05
   9.30   0.10151E+01   0.22249E-05
   9.40   0.94270E+00   0.22734E-05
   9.50   0.87558E+00   0.23225E-05
   9.60   0.81332E+00   0.23722E-05
   9.70   0.75556E+00   0.24223E-05
   9.80   0.70195E+00   0.24730E-05
   9.90   0.65220E+00   0.25243E-05
  10.00   0.60600E+00   0.25761E-05
E=1150.00000000000000
   3.00   0.30901E+03   0.24844E-06
   3.10   0.26808E+03   0.26533E-06
   3.20   0.23345E+03   0.28278E-06
   3.30   0.20402E+03   0.30079E-06
   3.40   0.17889E+03   0.31936E-06
   3.50   0.15735E+03   0.33849E-06
   3.60   0.13880E+03   0.35817E-06
   3.70   0.12277E+03   0.37841E-06
   3.80   0.10887E+03   0.39921E-06
   3.90   0.96778E+02   0.42057E-06
   4.00   0.86224E+02   0.44249E-06
   4.10   0.76985E+02   0.46497E-06
   4.20   0.68876E+02   0.48801E-06
   4.30   0.61738E+02   0.51161E-06
   4.40   0.55440E+02   0.53577E-06
   4.50   0.49869E+02   0.56050E-06
   4.60   0.44931E+02   0.58578E-06
   4.70   0.40543E+02   0.61163E-06
   4.80   0.36637E+02   0.63803E-06
   4.90   0.33153E+02   0.66501E-06
   5.00   0.30039E+02   0.69254E-06
   5.10   0.27252E+02   0.72064E-06
   5.20   0.24752E+02   0.74930E-06
   5.30   0.22507E+02   0.77852E-06
   5.40   0.20487E+02   0.80832E-06
   5.50   0.18668E+02   0.83867E-06
   5.60   0.17026E+02   0.86959E-06
   5.70   0.15543E+02   0.90108E-06
   5.80   0.14201E+02   0.93313E-06
   5.90   0.12986E+02   0.96575E-06
   6.00   0.11885E+02   0.99894E-06
   6.10   0.10885E+02   0.10327E-05
   6.20   0.99758E+01   0.10670E-05
   6.30   0.91491E+01   0.11019E-05
   6.40   0.83963E+01   0.11374E-05
   6.50   0.77102E+01   0.11734E-05
   6.60   0.70843E+01   0.12100E-05
   6.70   0.65128E+01   0.12472E-05
   6.80   0.59906E+01   0.12849E-05
   6.90   0.55131E+01   0.13232E-05
   7.00   0.50760E+01   0.13621E-05
   7.10   0.46757E+01   0.14016E-05
   7.20   0.43088E+01   0.14416E-05
   7.30   0.39724E+01   0.14822E-05
   7.40   0.36636E+01   0.15234E-05
   7.50   0.33801E+01   0.15652E-05
   7.60   0.31195E+01   0.16075E-05
   7.70   0.28801E+01   0.16504E-05
   7.80   0.26598E+01   0.16939E-05
   7.90   0.24571E+01   0.17379E-05
   8.00   0.22704E+01   0.17826E-05
   8.10   0.20985E+01   0.18278E-05
   8.20   0.19401E+01   0.18735E-05
   8.30   0.17940E+01   0.19199E-05
   8.40   0.16593E+01   0.19669E-05
   8.50   0.15350E+01   0.20144E-05
   8.60   0.14203E+01   0.20625E-05
   8.70   0.13143E+01   0.21112E-05
   8.80   0.12165E+01   0.21604E-05
   8.90   0.11261E+01   0.22103E-05
   9.00   0.10426E+01   0.22607E-05
   9.10   0.96537E+00   0.23117E-05
   9.20   0.89396E+00   0.23633E-05
   9.30   0.82792E+00   0.24155E-05
   9.40   0.76683E+00   0.24682E-05
   9.50   0.71030E+00   0.25216E-05
   9.60   0.65797E+00   0.25755E-05
   9.70   0.60954E+00   0.26300E-05
   9.80   0.56470E+00   0.26851E-05
   9.90   0.52317E+00   0.27408E-05
  10.00   0.48471E+00   0.27971E-05
E=1200.00000000000000
   3.00   0.28218E+03   0.26853E-06
   3.10   0.24459E+03   0.28680E-06
   3.20   0.21280E+03   0.30566E-06
   3.30   0.18580E+03   0.32513E-06
   3.40   0.16275E+03   0.34520E-06
   3.50   0.14301E+03   0.36587E-06
   3.60   0.12602E+03   0.38715E-06
   3.70   0.11135E+03   0.40903E-06
   3.80   0.98635E+02   0.43152E-06
   3.90   0.87581E+02   0.45461E-06
   4.00   0.77941E+02   0.47831E-06
   4.10   0.69508E+02   0.50261E-06
   4.20   0.62111E+02   0.52752E-06
   4.30   0.55605E+02   0.55303E-06
   4.40   0.49870E+02   0.57915E-06
   4.50   0.44801E+02   0.60588E-06
   4.60   0.40311E+02   0.63322E-06
   4.70   0.36325E+02   0.66117E-06
   4.80   0.32780E+02   0.68972E-06
   4.90   0.29621E+02   0.71888E-06
   5.00   0.26801E+02   0.74865E-06
   5.10   0.24278E+02   0.77904E-06
   5.20   0.22018E+02   0.81003E-06
   5.30   0.19991E+02   0.84163E-06
   5.40   0.18168E+02   0.87385E-06
   5.50   0.16528E+02   0.90667E-06
   5.60   0.15051E+02   0.94011E-06
   5.70   0.13717E+02   0.97417E-06
   5.80   0.12512E+02   0.10088E-05
   5.90   0.11422E+02   0.10441E-05
   6.00   0.10435E+02   0.10800E-05
   6.10   0.95402E+01   0.11165E-05
   6.20   0.87280E+01   0.11536E-05
   6.30   0.79901E+01   0.11914E-05
   6.40   0.73191E+01   0.12297E-05
   6.50   0.67084E+01   0.12687E-05
   6.60   0.61521E+01   0.13083E-05
   6.70   0.56449E+01   0.13485E-05
   6.80   0.51821E+01   0.13893E-05
   6.90   0.47594E+01   0.14308E-05
   7.00   0.43732E+01   0.14729E-05
   7.10   0.40201E+01   0.15155E-05
   7.20   0.36969E+01   0.15589E-05
   7.30   0.34010E+01   0.16028E-05
   7.40   0.31299E+01   0.16473E-05
   7.50   0.28814E+01   0.16925E-05
   7.60   0.26534E+01   0.17383E-05
   7.70   0.24442E+01   0.17847E-05
   7.80   0.22522E+01   0.18318E-05
   7.90   0.20757E+01   0.18794E-05
   8.00   0.19136E+01   0.19277E-05
   8.10   0.17645E+01   0.19767E-05
   8.20   0.16274E+01   0.20262E-05
   8.30   0.15012E+01   0.20764E-05
   8.40   0.13850E+01   0.21272E-05
   8.50   0.12781E+01   0.21786E-05
   8.60   0.11796E+01   0.22307E-05
   8.70   0.10888E+01   0.22834E-05
   8.80   0.10052E+01   0.23367E-05
   8.90   0.92803E+00   0.23906E-05
   9.00   0.85691E+00   0.24452E-05
   9.10   0.79131E+00   0.25004E-05
   9.20   0.73078E+00   0.25563E-05
   9.30   0.67493E+00   0.26127E-05
   9.40   0.62338E+00   0.26698E-05
   9.50   0.57579E+00   0.27276E-05
   9.60   0.53185E+00   0.27860E-05
   9.70   0.49127E+00   0.28450E-05
   9.80   0.45379E+00   0.29046E-05
   9.90   0.41918E+00   0.29649E-05
  10.00   0.38719E+00   0.30258E-05
E=1250.00000000000000
   3.00   0.25846E+03   0.28927E-06
   3.10   0.22382E+03   0.30894E-06
   3.20   0.19455E+03   0.32926E-06
   3.30   0.16970E+03   0.35023E-06
   3.40   0.14850E+03   0.37185E-06
   3.50   0.13035E+03   0.39413E-06
   3.60   0.11474E+03   0.41705E-06
   3.70   0.10127E+03   0.44062E-06
   3.80   0.89610E+02   0.46485E-06
   3.90   0.79475E+02   0.48973E-06
   4.00   0.70643E+02   0.51526E-06
   4.10   0.62924E+02   0.54144E-06
   4.20   0.56157E+02   0.56828E-06
   4.30   0.50211E+02   0.59577E-06
   4.40   0.44973E+02   0.62392E-06
   4.50   0.40348E+02   0.65272E-06
   4.60   0.36255E+02   0.68218E-06
   4.70   0.32625E+02   0.71229E-06
   4.80   0.29399E+02   0.74306E-06
   4.90   0.26527E+02   0.77448E-06
   5.00   0.23966E+02   0.80657E-06
   5.10   0.21677E+02   0.83931E-06
   5.20   0.19629E+02   0.87271E-06
   5.30   0.17793E+02   0.90677E-06
   5.40   0.16146E+02   0.94148E-06
   5.50   0.14664E+02   0.97686E-06
   5.60   0.13331E+02   0.10129E-05
   5.70   0.12129E+02   0.10496E-05
   5.80   0.11045E+02   0.10870E-05
   5.90   0.10065E+02   0.11250E-05
   6.00   0.91786E+01   0.11637E-05
   6.10   0.83762E+01   0.12030E-05
   6.20   0.76489E+01   0.12431E-05
   6.30   0.69892E+01   0.12837E-05
   6.40   0.63900E+01   0.13251E-05
   6.50   0.58455E+01   0.13671E-05
   6.60   0.53502E+01   0.14098E-05
   6.70   0.48993E+01   0.14531E-05
   6.80   0.44884E+01   0.14971E-05
   6.90   0.41139E+01   0.15418E-05
   7.00   0.37721E+01   0.15872E-05
   7.10   0.34602E+01   0.16332E-05
   7.20   0.31751E+01   0.16799E-05
   7.30   0.29146E+01   0.17273E-05
   7.40   0.26763E+01   0.17753E-05
   7.50   0.24583E+01   0.18240E-05
   7.60   0.22586E+01   0.18734E-05
   7.70   0.20757E+01   0.19235E-05
   7.80   0.19081E+01   0.19742E-05
   7.90   0.17544E+01   0.20256E-05
   8.00   0.16135E+01   0.20777E-05
   8.10   0.14841E+01   0.21304E-05
   8.20   0.13654E+01   0.21839E-05
   8.30   0.12564E+01   0.22380E-05
   8.40   0.11562E+01   0.22928E-05
   8.50   0.10642E+01   0.23482E-05
   8.60   0.97959E+00   0.24044E-05
   8.70   0.90181E+00   0.24612E-05
   8.80   0.83029E+00   0.25187E-05
   8.90   0.76450E+00   0.25769E-05
   9.00   0.70396E+00   0.26358E-05
   9.10   0.64826E+00   0.26953E-05
   9.20   0.59698E+00   0.27556E-05
   9.30   0.54977E+00   0.28165E-05
   9.40   0.50631E+00   0.28781E-05
   9.50   0.46628E+00   0.29404E-05
   9.60   0.42942E+00   0.30034E-05
   9.70   0.39546E+00   0.30670E-05
   9.80   0.36418E+00   0.31314E-05
   9.90   0.33536E+00   0.31964E-05
  10.00   0.30880E+00   0.32622E-05
E=1300.00000000000000
   3.00   0.23739E+03   0.31062E-06
   3.10   0.20538E+03   0.33175E-06
   3.20   0.17835E+03   0.35357E-06
   3.30   0.15541E+03   0.37609E-06
   3.40   0.13586E+03   0.39931E-06
   3.50   0.11912E+03   0.42323E-06
   3.60   0.10474E+03   0.44785E-06
   3.70   0.92344E+02   0.47317E-06
   3.80   0.81614E+02   0.49919E-06
   3.90   0.72298E+02   0.52591E-06
   4.00   0.64186E+02   0.55333E-06
   4.10   0.57100E+02   0.58145E-06
   4.20   0.50895E+02   0.61028E-06
   4.30   0.45446E+02   0.63981E-06
   4.40   0.40651E+02   0.67004E-06
   4.50   0.36420E+02   0.70097E-06
   4.60   0.32679E+02   0.73262E-06
   4.70   0.29365E+02   0.76496E-06
   4.80   0.26423E+02   0.79801E-06
   4.90   0.23806E+02   0.83177E-06
   5.00   0.21475E+02   0.86624E-06
   5.10   0.19394E+02   0.90141E-06
   5.20   0.17533E+02   0.93729E-06
   5.30   0.15868E+02   0.97388E-06
   5.40   0.14375E+02   0.10112E-05
   5.50   0.13034E+02   0.10492E-05
   5.60   0.11828E+02   0.10879E-05
   5.70   0.10743E+02   0.11274E-05
   5.80   0.97652E+01   0.11675E-05
   5.90   0.88828E+01   0.12084E-05
   6.00   0.80858E+01   0.12499E-05
   6.10   0.73651E+01   0.12922E-05
   6.20   0.67129E+01   0.13352E-05
   6.30   0.61220E+01   0.13789E-05
   6.40   0.55862E+01   0.14234E-05
   6.50   0.50999E+01   0.14685E-05
   6.60   0.46583E+01   0.15144E-05
   6.70   0.42569E+01   0.15610E-05
   6.80   0.38918E+01   0.16083E-05
   6.90   0.35594E+01   0.16563E-05
   7.00   0.32567E+01   0.17050E-05
   7.10   0.29808E+01   0.17545E-05
   7.20   0.27292E+01   0.18047E-05
   7.30   0.24996E+01   0.18556E-05
   7.40   0.22900E+01   0.19072E-05
   7.50   0.20985E+01   0.19596E-05
   7.60   0.19235E+01   0.20127E-05
   7.70   0.17635E+01   0.20665E-05
   7.80   0.16172E+01   0.21210E-05
   7.90   0.14833E+01   0.21763E-05
   8.00   0.13607E+01   0.22323E-05
   8.10   0.12485E+01   0.22890E-05
   8.20   0.11456E+01   0.23464E-05
   8.30   0.10514E+01   0.24046E-05
   8.40   0.96505E+00   0.24635E-05
   8.50   0.88586E+00   0.25232E-05
   8.60   0.81324E+00   0.25835E-05
   8.70   0.74662E+00   0.26446E-05
   8.80   0.68549E+00   0.27065E-05
   8.90   0.62939E+00   0.27690E-05
   9.00   0.57790E+00   0.28323E-05
   9.10   0.53063E+00   0.28964E-05
   9.20   0.48723E+00   0.29612E-05
   9.30   0.44737E+00   0.30267E-05
   9.40   0.41076E+00   0.30929E-05
   9.50   0.37713E+00   0.31599E-05
   9.60   0.34624E+00   0.32276E-05
   9.70   0.31787E+00   0.32961E-05
   9.80   0.29179E+00   0.33653E-05
   9.90   0.26784E+00   0.34353E-05
  10.00   0.24583E+00   0.35060E-05
E=1350.00000000000000
   3.00   0.21858E+03   0.33259E-06
   3.10   0.18892E+03   0.35521E-06
   3.20   0.16389E+03   0.37858E-06
   3.30   0.14267E+03   0.40269E-06
   3.40   0.12458E+03   0.42756E-06
   3.50   0.10912E+03   0.45317E-06
   3.60   0.95841E+02   0.47953E-06
   3.70   0.84397E+02   0.50665E-06
   3.80   0.74502E+02   0.53451E-06
   3.90   0.65917E+02   0.56313E-06
   4.00   0.58447E+02   0.59249E-06
   4.10   0.51928E+02   0.62261E-06
   4.20   0.46224E+02   0.65348E-06
   4.30   0.41220E+02   0.68511E-06
   4.40   0.36819E+02   0.71749E-06
   4.50   0.32941E+02   0.75062E-06
   4.60   0.29515E+02   0.78451E-06
   4.70   0.26483E+02   0.81916E-06
   4.80   0.23793E+02   0.85456E-06
   4.90   0.21404E+02   0.89072E-06
   5.00   0.19277E+02   0.92764E-06
   5.10   0.17381E+02   0.96532E-06
   5.20   0.15688E+02   0.10038E-05
   5.30   0.14174E+02   0.10430E-05
   5.40   0.12819E+02   0.10829E-05
   5.50   0.11603E+02   0.11236E-05
   5.60   0.10511E+02   0.11651E-05
   5.70   0.95298E+01   0.12074E-05
   5.80   0.86465E+01   0.12504E-05
   5.90   0.78505E+01   0.12941E-05
   6.00   0.71326E+01   0.13387E-05
   6.10   0.64844E+01   0.13840E-05
   6.20   0.58985E+01   0.14301E-05
   6.30   0.53686E+01   0.14769E-05
   6.40   0.48888E+01   0.15245E-05
   6.50   0.44541E+01   0.15729E-05
   6.60   0.40599E+01   0.16221E-05
   6.70   0.37022E+01   0.16720E-05
   6.80   0.33773E+01   0.17227E-05
   6.90   0.30821E+01   0.17741E-05
   7.00   0.28137E+01   0.18264E-05
   7.10   0.25695E+01   0.18794E-05
   7.20   0.23472E+01   0.19332E-05
   7.30   0.21448E+01   0.19877E-05
   7.40   0.19603E+01   0.20431E-05
   7.50   0.17921E+01   0.20992E-05
   7.60   0.16386E+01   0.21561E-05
   7.70   0.14986E+01   0.22138E-05
   7.80   0.13708E+01   0.22722E-05
   7.90   0.12541E+01   0.23315E-05
   8.00   0.11475E+01   0.23915E-05
   8.10   0.10501E+01   0.24523E-05
   8.20   0.96108E+00   0.25138E-05
   8.30   0.87967E+00   0.25762E-05
   8.40   0.80521E+00   0.26394E-05
   8.50   0.73710E+00   0.27033E-05
   8.60   0.67477E+00   0.27680E-05
   8.70   0.61774E+00   0.28335E-05
   8.80   0.56553E+00   0.28998E-05
   8.90   0.51774E+00   0.29669E-05
   9.00   0.47397E+00   0.30348E-05
   9.10   0.43390E+00   0.31034E-05
   9.20   0.39720E+00   0.31729E-05
   9.30   0.36358E+00   0.32431E-05
   9.40   0.33279E+00   0.33142E-05
   9.50   0.30458E+00   0.33860E-05
   9.60   0.27873E+00   0.34586E-05
   9.70   0.25506E+00   0.35321E-05
   9.80   0.23336E+00   0.36063E-05
   9.90   0.21349E+00   0.36813E-05
  10.00   0.19528E+00   0.37571E-05
E=1400.00000000000000
   3.00   0.20173E+03   0.35515E-06
   3.10   0.17419E+03   0.37931E-06
   3.20   0.15095E+03   0.40426E-06
   3.30   0.13126E+03   0.43002E-06
   3.40   0.11450E+03   0.45657E-06
   3.50   0.10017E+03   0.48392E-06
   3.60   0.87883E+02   0.51208E-06
   3.70   0.77297E+02   0.54104E-06
   3.80   0.68151E+02   0.57080E-06
   3.90   0.60222E+02   0.60136E-06
   4.00   0.53329E+02   0.63272E-06
   4.10   0.47318E+02   0.66489E-06
   4.20   0.42064E+02   0.69787E-06
   4.30   0.37458E+02   0.73165E-06
   4.40   0.33412E+02   0.76623E-06
   4.50   0.29849E+02   0.80163E-06
   4.60   0.26705E+02   0.83783E-06
   4.70   0.23925E+02   0.87484E-06
   4.80   0.21462E+02   0.91266E-06
   4.90   0.19276E+02   0.95129E-06
   5.00   0.17333E+02   0.99073E-06
   5.10   0.15602E+02   0.10310E-05
   5.20   0.14059E+02   0.10720E-05
   5.30   0.12681E+02   0.11139E-05
   5.40   0.11448E+02   0.11566E-05
   5.50   0.10344E+02   0.12001E-05
   5.60   0.93534E+01   0.12444E-05
   5.70   0.84644E+01   0.12896E-05
   5.80   0.76654E+01   0.13355E-05
   5.90   0.69465E+01   0.13823E-05
   6.00   0.62989E+01   0.14299E-05
   6.10   0.57152E+01   0.14783E-05
   6.20   0.51883E+01   0.15276E-05
   6.30   0.47126E+01   0.15776E-05
   6.40   0.42825E+01   0.16285E-05
   6.50   0.38934E+01   0.16802E-05
   6.60   0.35412E+01   0.17327E-05
   6.70   0.32221E+01   0.17861E-05
   6.80   0.29329E+01   0.18403E-05
   6.90   0.26705E+01   0.18953E-05
   7.00   0.24323E+01   0.19511E-05
   7.10   0.22161E+01   0.20078E-05
   7.20   0.20196E+01   0.20652E-05
   7.30   0.18410E+01   0.21236E-05
   7.40   0.16785E+01   0.21827E-05
   7.50   0.15307E+01   0.22427E-05
   7.60   0.13961E+01   0.23035E-05
   7.70   0.12736E+01   0.23652E-05
   7.80   0.11620E+01   0.24277E-05
   7.90   0.10603E+01   0.24910E-05
   8.00   0.96757E+00   0.25552E-05
   8.10   0.88305E+00   0.26202E-05
   8.20   0.80596E+00   0.26860E-05
   8.30   0.73564E+00   0.27527E-05
   8.40   0.67148E+00   0.28202E-05
   8.50   0.61293E+00   0.28885E-05
   8.60   0.55948E+00   0.29577E-05
   8.70   0.51068E+00   0.30278E-05
   8.80   0.46613E+00   0.30987E-05
   8.90   0.42545E+00   0.31704E-05
   9.00   0.38830E+00   0.32430E-05
   9.10   0.35436E+00   0.33164E-05
   9.20   0.32337E+00   0.33907E-05
   9.30   0.29506E+00   0.34658E-05
   9.40   0.26919E+00   0.35418E-05
   9.50   0.24556E+00   0.36186E-05
   9.60   0.22398E+00   0.36962E-05
   9.70   0.20426E+00   0.37748E-05
   9.80   0.18625E+00   0.38541E-05
   9.90   0.16980E+00   0.39344E-05
  10.00   0.15477E+00   0.40154E-05
E=1450.00000000000000
   3.00   0.18657E+03   0.37830E-06
   3.10   0.16093E+03   0.40404E-06
   3.20   0.13932E+03   0.43062E-06
   3.30   0.12102E+03   0.45806E-06
   3.40   0.10545E+03   0.48634E-06
   3.50   0.92146E+02   0.51549E-06
   3.60   0.80743E+02   0.54548E-06
   3.70   0.70931E+02   0.57633E-06
   3.80   0.62460E+02   0.60803E-06
   3.90   0.55122E+02   0.64060E-06
   4.00   0.48748E+02   0.67401E-06
   4.10   0.43195E+02   0.70829E-06
   4.20   0.38345E+02   0.74342E-06
   4.30   0.34098E+02   0.77941E-06
   4.40   0.30371E+02   0.81627E-06
   4.50   0.27092E+02   0.85398E-06
   4.60   0.24201E+02   0.89255E-06
   4.70   0.21648E+02   0.93199E-06
   4.80   0.19389E+02   0.97229E-06
   4.90   0.17386E+02   0.10135E-05
   5.00   0.15607E+02   0.10555E-05
   5.10   0.14026E+02   0.10984E-05
   5.20   0.12616E+02   0.11421E-05
   5.30   0.11359E+02   0.11868E-05
   5.40   0.10237E+02   0.12323E-05
   5.50   0.92323E+01   0.12786E-05
   5.60   0.83330E+01   0.13259E-05
   5.70   0.75267E+01   0.13740E-05
   5.80   0.68031E+01   0.14230E-05
   5.90   0.61529E+01   0.14728E-05
   6.00   0.55682E+01   0.15236E-05
   6.10   0.50419E+01   0.15752E-05
   6.20   0.45677E+01   0.16277E-05
   6.30   0.41401E+01   0.16810E-05
   6.40   0.37542E+01   0.17352E-05
   6.50   0.34057E+01   0.17904E-05
   6.60   0.30908E+01   0.18464E-05
   6.70   0.28060E+01   0.19032E-05
   6.80   0.25482E+01   0.19610E-05
   6.90   0.23149E+01   0.20196E-05
   7.00   0.21035E+01   0.20792E-05
   7.10   0.19119E+01   0.21396E-05
   7.20   0.17381E+01   0.22009E-05
   7.30   0.15805E+01   0.22631E-05
   7.40   0.14374E+01   0.23261E-05
   7.50   0.13075E+01   0.23901E-05
   7.60   0.11895E+01   0.24550E-05
   7.70   0.10822E+01   0.25207E-05
   7.80   0.98476E+00   0.25873E-05
   7.90   0.89615E+00   0.26549E-05
   8.00   0.81555E+00   0.27233E-05
   8.10   0.74224E+00   0.27926E-05
   8.20   0.67554E+00   0.28628E-05
   8.30   0.61483E+00   0.29339E-05
   8.40   0.55958E+00   0.30059E-05
   8.50   0.50927E+00   0.30788E-05
   8.60   0.46348E+00   0.31526E-05
   8.70   0.42177E+00   0.32273E-05
   8.80   0.38379E+00   0.33029E-05
   8.90   0.34920E+00   0.33794E-05
   9.00   0.31770E+00   0.34568E-05
   9.10   0.28900E+00   0.35352E-05
   9.20   0.26287E+00   0.36144E-05
   9.30   0.23906E+00   0.36945E-05
   9.40   0.21737E+00   0.37755E-05
   9.50   0.19762E+00   0.38575E-05
   9.60   0.17962E+00   0.39403E-05
   9.70   0.16324E+00   0.40241E-05
   9.80   0.14831E+00   0.41088E-05
   9.90   0.13472E+00   0.41943E-05
  10.00   0.12235E+00   0.42808E-05
E=1500.00000000000000
   3.00   0.17290E+03   0.40202E-06
   3.10   0.14898E+03   0.42937E-06
   3.20   0.12883E+03   0.45763E-06
   3.30   0.11178E+03   0.48679E-06
   3.40   0.97287E+02   0.51685E-06
   3.50   0.84916E+02   0.54783E-06
   3.60   0.74318E+02   0.57971E-06
   3.70   0.65205E+02   0.61250E-06
   3.80   0.57344E+02   0.64620E-06
   3.90   0.50541E+02   0.68081E-06
   4.00   0.44636E+02   0.71633E-06
   4.10   0.39497E+02   0.75276E-06
   4.20   0.35012E+02   0.79011E-06
   4.30   0.31089E+02   0.82837E-06
   4.40   0.27649E+02   0.86755E-06
   4.50   0.24626E+02   0.90764E-06
   4.60   0.21965E+02   0.94865E-06
   4.70   0.19616E+02   0.99058E-06
   4.80   0.17540E+02   0.10334E-05
   4.90   0.15702E+02   0.10772E-05
   5.00   0.14072E+02   0.11219E-05
   5.10   0.12624E+02   0.11675E-05
   5.20   0.11336E+02   0.12140E-05
   5.30   0.10188E+02   0.12615E-05
   5.40   0.91639E+01   0.13098E-05
   5.50   0.82494E+01   0.13591E-05
   5.60   0.74316E+01   0.14094E-05
   5.70   0.66995E+01   0.14605E-05
   5.80   0.60435E+01   0.15126E-05
   5.90   0.54549E+01   0.15656E-05
   6.00   0.49264E+01   0.16196E-05
   6.10   0.44514E+01   0.16745E-05
   6.20   0.40242E+01   0.17303E-05
   6.30   0.36396E+01   0.17870E-05
   6.40   0.32931E+01   0.18447E-05
   6.50   0.29808E+01   0.19033E-05
   6.60   0.26990E+01   0.19629E-05
   6.70   0.24446E+01   0.20234E-05
   6.80   0.22149E+01   0.20848E-05
   6.90   0.20073E+01   0.21472E-05
   7.00   0.18196E+01   0.22105E-05
   7.10   0.16497E+01   0.22748E-05
   7.20   0.14961E+01   0.23400E-05
   7.30   0.13569E+01   0.24061E-05
   7.40   0.12309E+01   0.24732E-05
   7.50   0.11167E+01   0.25413E-05
   7.60   0.10132E+01   0.26103E-05
   7.70   0.91939E+00   0.26802E-05
   7.80   0.83430E+00   0.27511E-05
   7.90   0.75711E+00   0.28229E-05
   8.00   0.68708E+00   0.28957E-05
   8.10   0.62352E+00   0.29695E-05
   8.20   0.56584E+00   0.30442E-05
   8.30   0.51347E+00   0.31198E-05
   8.40   0.46592E+00   0.31964E-05
   8.50   0.42275E+00   0.32740E-05
   8.60   0.38355E+00   0.33525E-05
   8.70   0.34794E+00   0.34320E-05
   8.80   0.31560E+00   0.35125E-05
   8.90   0.28623E+00   0.35939E-05
   9.00   0.25956E+00   0.36763E-05
   9.10   0.23533E+00   0.37596E-05
   9.20   0.21332E+00   0.38439E-05
   9.30   0.19333E+00   0.39292E-05
   9.40   0.17518E+00   0.40154E-05
   9.50   0.15870E+00   0.41026E-05
   9.60   0.14373E+00   0.41908E-05
   9.70   0.13014E+00   0.42799E-05
   9.80   0.11781E+00   0.43700E-05
   9.90   0.10661E+00   0.44611E-05
  10.00   0.96447E-01   0.45532E-05
E=1550.00000000000000
   3.00   0.16051E+03   0.42631E-06
   3.10   0.13816E+03   0.45531E-06
   3.20   0.11934E+03   0.48527E-06
   3.30   0.10343E+03   0.51620E-06
   3.40   0.89914E+02   0.54809E-06
   3.50   0.78386E+02   0.58093E-06
   3.60   0.68517E+02   0.61475E-06
   3.70   0.60039E+02   0.64953E-06
   3.80   0.52731E+02   0.68527E-06
   3.90   0.46412E+02   0.72198E-06
   4.00   0.40933E+02   0.75965E-06
   4.10   0.36169E+02   0.79830E-06
   4.20   0.32015E+02   0.83791E-06
   4.30   0.28386E+02   0.87850E-06
   4.40   0.25206E+02   0.92006E-06
   4.50   0.22416E+02   0.96258E-06
   4.60   0.19961E+02   0.10061E-05
   4.70   0.17798E+02   0.10506E-05
   4.80   0.15888E+02   0.10960E-05
   4.90   0.14199E+02   0.11424E-05
   5.00   0.12703E+02   0.11899E-05
   5.10   0.11375E+02   0.12382E-05
   5.20   0.10196E+02   0.12876E-05
   5.30   0.91465E+01   0.13380E-05
   5.40   0.82118E+01   0.13893E-05
   5.50   0.73781E+01   0.14416E-05
   5.60   0.66338E+01   0.14949E-05
   5.70   0.59684E+01   0.15492E-05
   5.80   0.53730E+01   0.16045E-05
   5.90   0.48397E+01   0.16607E-05
   6.00   0.43616E+01   0.17180E-05
   6.10   0.39327E+01   0.17762E-05
   6.20   0.35475E+01   0.18354E-05
   6.30   0.32014E+01   0.18956E-05
   6.40   0.28901E+01   0.19569E-05
   6.50   0.26100E+01   0.20191E-05
   6.60   0.23577E+01   0.20823E-05
   6.70   0.21305E+01   0.21465E-05
   6.80   0.19256E+01   0.22117E-05
   6.90   0.17409E+01   0.22779E-05
   7.00   0.15741E+01   0.23451E-05
   7.10   0.14236E+01   0.24133E-05
   7.20   0.12877E+01   0.24825E-05
   7.30   0.11649E+01   0.25527E-05
   7.40   0.10539E+01   0.26240E-05
   7.50   0.95356E+00   0.26962E-05
   7.60   0.86283E+00   0.27694E-05
   7.70   0.78075E+00   0.28437E-05
   7.80   0.70650E+00   0.29189E-05
   7.90   0.63930E+00   0.29952E-05
   8.00   0.57848E+00   0.30725E-05
   8.10   0.52342E+00   0.31508E-05
   8.20   0.47357E+00   0.32301E-05
   8.30   0.42843E+00   0.33104E-05
   8.40   0.38756E+00   0.33917E-05
   8.50   0.35055E+00   0.34741E-05
   8.60   0.31702E+00   0.35575E-05
   8.70   0.28666E+00   0.36419E-05
   8.80   0.25917E+00   0.37273E-05
   8.90   0.23426E+00   0.38137E-05
   9.00   0.21171E+00   0.39012E-05
   9.10   0.19128E+00   0.39897E-05
   9.20   0.17279E+00   0.40792E-05
   9.30   0.15604E+00   0.41697E-05
   9.40   0.14088E+00   0.42613E-05
   9.50   0.12716E+00   0.43539E-05
   9.60   0.11474E+00   0.44475E-05
   9.70   0.10350E+00   0.45422E-05
   9.80   0.93325E-01   0.46379E-05
   9.90   0.84124E-01   0.47346E-05
  10.00   0.75802E-01   0.48324E-05
E=1600.00000000000000
   3.00   0.14926E+03   0.45114E-06
   3.10   0.12834E+03   0.48184E-06
   3.20   0.11074E+03   0.51355E-06
   3.30   0.95858E+02   0.54628E-06
   3.40   0.83231E+02   0.58003E-06
   3.50   0.72470E+02   0.61480E-06
   3.60   0.63265E+02   0.65059E-06
   3.70   0.55364E+02   0.68740E-06
   3.80   0.48560E+02   0.72523E-06
   3.90   0.42682E+02   0.76409E-06
   4.00   0.37590E+02   0.80397E-06
   4.10   0.33167E+02   0.84488E-06
   4.20   0.29315E+02   0.88681E-06
   4.30   0.25952E+02   0.92978E-06
   4.40   0.23009E+02   0.97377E-06
   4.50   0.20429E+02   0.10188E-05
   4.60   0.18162E+02   0.10648E-05
   4.70   0.16167E+02   0.11119E-05
   4.80   0.14407E+02   0.11601E-05
   4.90   0.12853E+02   0.12092E-05
   5.00   0.11478E+02   0.12594E-05
   5.10   0.10260E+02   0.13106E-05
   5.20   0.91794E+01   0.13629E-05
   5.30   0.82192E+01   0.14162E-05
   5.40   0.73651E+01   0.14706E-05
   5.50   0.66044E+01   0.15260E-05
   5.60   0.59262E+01   0.15824E-05
   5.70   0.53209E+01   0.16399E-05
   5.80   0.47802E+01   0.16984E-05
   5.90   0.42966E+01   0.17580E-05
   6.00   0.38639E+01   0.18186E-05
   6.10   0.34763E+01   0.18803E-05
   6.20   0.31288E+01   0.19430E-05
   6.30   0.28171E+01   0.20068E-05
   6.40   0.25373E+01   0.20716E-05
   6.50   0.22860E+01   0.21375E-05
   6.60   0.20602E+01   0.22045E-05
   6.70   0.18571E+01   0.22725E-05
   6.80   0.16744E+01   0.23415E-05
   6.90   0.15099E+01   0.24117E-05
   7.00   0.13618E+01   0.24828E-05
   7.10   0.12284E+01   0.25551E-05
   7.20   0.11082E+01   0.26284E-05
   7.30   0.99984E+00   0.27028E-05
   7.40   0.90211E+00   0.27782E-05
   7.50   0.81397E+00   0.28547E-05
   7.60   0.73445E+00   0.29323E-05
   7.70   0.66269E+00   0.30110E-05
   7.80   0.59792E+00   0.30907E-05
   7.90   0.53946E+00   0.31715E-05
   8.00   0.48667E+00   0.32534E-05
   8.10   0.43902E+00   0.33363E-05
   8.20   0.39598E+00   0.34203E-05
   8.30   0.35711E+00   0.35054E-05
   8.40   0.32202E+00   0.35916E-05
   8.50   0.29032E+00   0.36789E-05
   8.60   0.26169E+00   0.37672E-05
   8.70   0.23584E+00   0.38567E-05
   8.80   0.21249E+00   0.39472E-05
   8.90   0.19141E+00   0.40388E-05
   9.00   0.17237E+00   0.41315E-05
   9.10   0.15519E+00   0.42252E-05
   9.20   0.13968E+00   0.43201E-05
   9.30   0.12568E+00   0.44160E-05
   9.40   0.11304E+00   0.45131E-05
   9.50   0.10164E+00   0.46112E-05
   9.60   0.91355E-01   0.47104E-05
   9.70   0.82080E-01   0.48107E-05
   9.80   0.73716E-01   0.49122E-05
   9.90   0.66177E-01   0.50147E-05
  10.00   0.59383E-01   0.51183E-05
E=1650.00000000000000
   3.00   0.13902E+03   0.47652E-06
   3.10   0.11940E+03   0.50894E-06
   3.20   0.10290E+03   0.54244E-06
   3.30   0.88972E+02   0.57702E-06
   3.40   0.77157E+02   0.61267E-06
   3.50   0.67097E+02   0.64940E-06
   3.60   0.58498E+02   0.68721E-06
   3.70   0.51124E+02   0.72610E-06
   3.80   0.44780E+02   0.76607E-06
   3.90   0.39304E+02   0.80712E-06
   4.00   0.34565E+02   0.84926E-06
   4.10   0.30453E+02   0.89248E-06
   4.20   0.26875E+02   0.93679E-06
   4.30   0.23754E+02   0.98218E-06
   4.40   0.21028E+02   0.10287E-05
   4.50   0.18639E+02   0.10762E-05
   4.60   0.16543E+02   0.11249E-05
   4.70   0.14701E+02   0.11747E-05
   4.80   0.13078E+02   0.12255E-05
   4.90   0.11647E+02   0.12775E-05
   5.00   0.10382E+02   0.13305E-05
   5.10   0.92629E+01   0.13846E-05
   5.20   0.82715E+01   0.14399E-05
   5.30   0.73920E+01   0.14962E-05
   5.40   0.66108E+01   0.15537E-05
   5.50   0.59161E+01   0.16122E-05
   5.60   0.52977E+01   0.16719E-05
   5.70   0.47467E+01   0.17326E-05
   5.80   0.42553E+01   0.17945E-05
   5.90   0.38166E+01   0.18574E-05
   6.00   0.34246E+01   0.19215E-05
   6.10   0.30742E+01   0.19867E-05
   6.20   0.27606E+01   0.20530E-05
   6.30   0.24798E+01   0.21204E-05
   6.40   0.22282E+01   0.21890E-05
   6.50   0.20027E+01   0.22586E-05
   6.60   0.18004E+01   0.23294E-05
   6.70   0.16189E+01   0.24013E-05
   6.80   0.14560E+01   0.24743E-05
   6.90   0.13096E+01   0.25484E-05
   7.00   0.11780E+01   0.26237E-05
   7.10   0.10598E+01   0.27001E-05
   7.20   0.95352E+00   0.27776E-05
   7.30   0.85791E+00   0.28562E-05
   7.40   0.77190E+00   0.29360E-05
   7.50   0.69450E+00   0.30169E-05
   7.60   0.62484E+00   0.30989E-05
   7.70   0.56214E+00   0.31821E-05
   7.80   0.50569E+00   0.32664E-05
   7.90   0.45486E+00   0.33518E-05
   8.00   0.40909E+00   0.34384E-05
   8.10   0.36787E+00   0.35261E-05
   8.20   0.33075E+00   0.36150E-05
   8.30   0.29733E+00   0.37050E-05
   8.40   0.26722E+00   0.37961E-05
   8.50   0.24011E+00   0.38884E-05
   8.60   0.21570E+00   0.39818E-05
   8.70   0.19372E+00   0.40764E-05
   8.80   0.17393E+00   0.41721E-05
   8.90   0.15611E+00   0.42690E-05
   9.00   0.14008E+00   0.43670E-05
   9.10   0.12565E+00   0.44662E-05
   9.20   0.11266E+00   0.45665E-05
   9.30   0.10098E+00   0.46680E-05
   9.40   0.90474E-01   0.47706E-05
   9.50   0.81027E-01   0.48744E-05
   9.60   0.72535E-01   0.49794E-05
   9.70   0.64903E-01   0.50855E-05
   9.80   0.58046E-01   0.51927E-05
   9.90   0.51887E-01   0.53012E-05
  10.00   0.46358E-01   0.54107E-05
E=1700.00000000000000
   3.00   0.12967E+03   0.50242E-06
   3.10   0.11124E+03   0.53661E-06
   3.20   0.95760E+02   0.57194E-06
   3.30   0.82695E+02   0.60840E-06
   3.40   0.71624E+02   0.64599E-06
   3.50   0.62205E+02   0.68473E-06
   3.60   0.54161E+02   0.72460E-06
   3.70   0.47270E+02   0.76561E-06
   3.80   0.41345E+02   0.80777E-06
   3.90   0.36238E+02   0.85106E-06
   4.00   0.31821E+02   0.89550E-06
   4.10   0.27993E+02   0.94109E-06
   4.20   0.24666E+02   0.98782E-06
   4.30   0.21767E+02   0.10357E-05
   4.40   0.19237E+02   0.10847E-05
   4.50   0.17024E+02   0.11349E-05
   4.60   0.15084E+02   0.11862E-05
   4.70   0.13381E+02   0.12387E-05
   4.80   0.11882E+02   0.12924E-05
   4.90   0.10563E+02   0.13472E-05
   5.00   0.93981E+01   0.14031E-05
   5.10   0.83693E+01   0.14602E-05
   5.20   0.74591E+01   0.15185E-05
   5.30   0.66528E+01   0.15779E-05
   5.40   0.59377E+01   0.16385E-05
   5.50   0.53029E+01   0.17003E-05
   5.60   0.47387E+01   0.17632E-05
   5.70   0.42368E+01   0.18273E-05
   5.80   0.37899E+01   0.18926E-05
   5.90   0.33917E+01   0.19590E-05
   6.00   0.30365E+01   0.20266E-05
   6.10   0.27195E+01   0.20954E-05
   6.20   0.24364E+01   0.21654E-05
   6.30   0.21834E+01   0.22365E-05
   6.40   0.19572E+01   0.23089E-05
   6.50   0.17547E+01   0.23824E-05
   6.60   0.15736E+01   0.24570E-05
   6.70   0.14113E+01   0.25329E-05
   6.80   0.12660E+01   0.26099E-05
   6.90   0.11357E+01   0.26882E-05
   7.00   0.10189E+01   0.27676E-05
   7.10   0.91413E+00   0.28482E-05
   7.20   0.82016E+00   0.29300E-05
   7.30   0.73584E+00   0.30130E-05
   7.40   0.66017E+00   0.30972E-05
   7.50   0.59224E+00   0.31826E-05
   7.60   0.53126E+00   0.32692E-05
   7.70   0.47651E+00   0.33570E-05
   7.80   0.42734E+00   0.34459E-05
   7.90   0.38319E+00   0.35361E-05
   8.00   0.34354E+00   0.36275E-05
   8.10   0.30793E+00   0.37201E-05
   8.20   0.27595E+00   0.38139E-05
   8.30   0.24724E+00   0.39089E-05
   8.40   0.22145E+00   0.40051E-05
   8.50   0.19830E+00   0.41025E-05
   8.60   0.17751E+00   0.42011E-05
   8.70   0.15885E+00   0.43010E-05
   8.80   0.14211E+00   0.44020E-05
   8.90   0.12708E+00   0.45043E-05
   9.00   0.11360E+00   0.46078E-05
   9.10   0.10150E+00   0.47124E-05
   9.20   0.90658E-01   0.48184E-05
   9.30   0.80935E-01   0.49255E-05
   9.40   0.72221E-01   0.50338E-05
   9.50   0.64413E-01   0.51434E-05
   9.60   0.57420E-01   0.52542E-05
   9.70   0.51158E-01   0.53662E-05
   9.80   0.45553E-01   0.54795E-05
   9.90   0.40539E-01   0.55939E-05
  10.00   0.36054E-01   0.57096E-05
E=1750.00000000000000
   3.00   0.12111E+03   0.52884E-06
   3.10   0.10378E+03   0.56484E-06
   3.20   0.89228E+02   0.60202E-06
   3.30   0.76960E+02   0.64041E-06
   3.40   0.66571E+02   0.67999E-06
   3.50   0.57740E+02   0.72077E-06
   3.60   0.50207E+02   0.76274E-06
   3.70   0.43757E+02   0.80592E-06
   3.80   0.38218E+02   0.85030E-06
   3.90   0.33448E+02   0.89589E-06
   4.00   0.29327E+02   0.94268E-06
   4.10   0.25759E+02   0.99067E-06
   4.20   0.22661E+02   0.10399E-05
   4.30   0.19966E+02   0.10903E-05
   4.40   0.17616E+02   0.11419E-05
   4.50   0.15563E+02   0.11948E-05
   4.60   0.13766E+02   0.12488E-05
   4.70   0.12189E+02   0.13041E-05
   4.80   0.10805E+02   0.13606E-05
   4.90   0.95870E+01   0.14183E-05
   5.00   0.85140E+01   0.14772E-05
   5.10   0.75673E+01   0.15373E-05
   5.20   0.67310E+01   0.15987E-05
   5.30   0.59913E+01   0.16613E-05
   5.40   0.53364E+01   0.17251E-05
   5.50   0.47559E+01   0.17902E-05
   5.60   0.42408E+01   0.18565E-05
   5.70   0.37834E+01   0.19240E-05
   5.80   0.33768E+01   0.19927E-05
   5.90   0.30151E+01   0.20627E-05
   6.00   0.26932E+01   0.21339E-05
   6.10   0.24064E+01   0.22064E-05
   6.20   0.21507E+01   0.22801E-05
   6.30   0.19227E+01   0.23550E-05
   6.40   0.17192E+01   0.24312E-05
   6.50   0.15375E+01   0.25086E-05
   6.60   0.13753E+01   0.25873E-05
   6.70   0.12302E+01   0.26672E-05
   6.80   0.11006E+01   0.27484E-05
   6.90   0.98467E+00   0.28308E-05
   7.00   0.88097E+00   0.29145E-05
   7.10   0.78819E+00   0.29994E-05
   7.20   0.70515E+00   0.30856E-05
   7.30   0.63083E+00   0.31731E-05
   7.40   0.56429E+00   0.32618E-05
   7.50   0.50471E+00   0.33518E-05
   7.60   0.45137E+00   0.34430E-05
   7.70   0.40359E+00   0.35355E-05
   7.80   0.36081E+00   0.36292E-05
   7.90   0.32249E+00   0.37243E-05
   8.00   0.28818E+00   0.38205E-05
   8.10   0.25745E+00   0.39181E-05
   8.20   0.22994E+00   0.40169E-05
   8.30   0.20530E+00   0.41171E-05
   8.40   0.18324E+00   0.42184E-05
   8.50   0.16350E+00   0.43211E-05
   8.60   0.14583E+00   0.44250E-05
   8.70   0.13002E+00   0.45302E-05
   8.80   0.11588E+00   0.46367E-05
   8.90   0.10323E+00   0.47445E-05
   9.00   0.91915E-01   0.48536E-05
   9.10   0.81804E-01   0.49639E-05
   9.20   0.72767E-01   0.50755E-05
   9.30   0.64695E-01   0.51884E-05
   9.40   0.57486E-01   0.53026E-05
   9.50   0.51051E-01   0.54181E-05
   9.60   0.45309E-01   0.55349E-05
   9.70   0.40187E-01   0.56529E-05
   9.80   0.35621E-01   0.57723E-05
   9.90   0.31552E-01   0.58929E-05
  10.00   0.27928E-01   0.60148E-05
E=1800.00000000000000
   3.00   0.11326E+03   0.55578E-06
   3.10   0.96936E+02   0.59361E-06
   3.20   0.83244E+02   0.63269E-06
   3.30   0.71707E+02   0.67304E-06
   3.40   0.61947E+02   0.71464E-06
   3.50   0.53658E+02   0.75750E-06
   3.60   0.46593E+02   0.80163E-06
   3.70   0.40550E+02   0.84701E-06
   3.80   0.35366E+02   0.89367E-06
   3.90   0.30905E+02   0.94158E-06
   4.00   0.27056E+02   0.99077E-06
   4.10   0.23727E+02   0.10412E-05
   4.20   0.20840E+02   0.10930E-05
   4.30   0.18331E+02   0.11460E-05
   4.40   0.16146E+02   0.12002E-05
   4.50   0.14239E+02   0.12558E-05
   4.60   0.12573E+02   0.13126E-05
   4.70   0.11113E+02   0.13707E-05
   4.80   0.98326E+01   0.14301E-05
   4.90   0.87077E+01   0.14908E-05
   5.00   0.77182E+01   0.15527E-05
   5.10   0.68464E+01   0.16160E-05
   5.20   0.60775E+01   0.16805E-05
   5.30   0.53986E+01   0.17463E-05
   5.40   0.47984E+01   0.18135E-05
   5.50   0.42672E+01   0.18819E-05
   5.60   0.37968E+01   0.19516E-05
   5.70   0.33797E+01   0.20226E-05
   5.80   0.30097E+01   0.20949E-05
   5.90   0.26812E+01   0.21685E-05
   6.00   0.23893E+01   0.22434E-05
   6.10   0.21297E+01   0.23196E-05
   6.20   0.18988E+01   0.23971E-05
   6.30   0.16933E+01   0.24759E-05
   6.40   0.15102E+01   0.25560E-05
   6.50   0.13472E+01   0.26375E-05
   6.60   0.12018E+01   0.27202E-05
   6.70   0.10722E+01   0.28043E-05
   6.80   0.95662E+00   0.28897E-05
   6.90   0.85349E+00   0.29764E-05
   7.00   0.76146E+00   0.30644E-05
   7.10   0.67931E+00   0.31537E-05
   7.20   0.60598E+00   0.32444E-05
   7.30   0.54050E+00   0.33364E-05
   7.40   0.48203E+00   0.34297E-05
   7.50   0.42981E+00   0.35243E-05
   7.60   0.38318E+00   0.36203E-05
   7.70   0.34153E+00   0.37176E-05
   7.80   0.30434E+00   0.38162E-05
   7.90   0.27112E+00   0.39162E-05
   8.00   0.24146E+00   0.40175E-05
   8.10   0.21498E+00   0.41202E-05
   8.20   0.19133E+00   0.42241E-05
   8.30   0.17023E+00   0.43295E-05
   8.40   0.15139E+00   0.44361E-05
   8.50   0.13458E+00   0.45442E-05
   8.60   0.11959E+00   0.46535E-05
   8.70   0.10622E+00   0.47642E-05
   8.80   0.94292E-01   0.48763E-05
   8.90   0.83665E-01   0.49897E-05
   9.00   0.74195E-01   0.51044E-05
   9.10   0.65760E-01   0.52205E-05
   9.20   0.58250E-01   0.53379E-05
   9.30   0.51565E-01   0.54567E-05
   9.40   0.45618E-01   0.55769E-05
   9.50   0.40330E-01   0.56984E-05
   9.60   0.35630E-01   0.58212E-05
   9.70   0.31454E-01   0.59454E-05
   9.80   0.27747E-01   0.60710E-05
   9.90   0.24457E-01   0.61979E-05
  10.00   0.21540E-01   0.63262E-05
E=1850.00000000000000
   3.00   0.10604E+03   0.58321E-06
   3.10   0.90650E+02   0.62291E-06
   3.20   0.77749E+02   0.66393E-06
   3.30   0.66888E+02   0.70627E-06
   3.40   0.57708E+02   0.74993E-06
   3.50   0.49918E+02   0.79492E-06
   3.60   0.43284E+02   0.84123E-06
   3.70   0.37616E+02   0.88887E-06
   3.80   0.32758E+02   0.93784E-06
   3.90   0.28583E+02   0.98814E-06
   4.00   0.24984E+02   0.10398E-05
   4.10   0.21875E+02   0.10927E-05
   4.20   0.19182E+02   0.11470E-05
   4.30   0.16844E+02   0.12027E-05
   4.40   0.14811E+02   0.12596E-05
   4.50   0.13039E+02   0.13180E-05
   4.60   0.11492E+02   0.13776E-05
   4.70   0.10139E+02   0.14386E-05
   4.80   0.89537E+01   0.15010E-05
   4.90   0.79142E+01   0.15647E-05
   5.00   0.70010E+01   0.16297E-05
   5.10   0.61978E+01   0.16961E-05
   5.20   0.54904E+01   0.17639E-05
   5.30   0.48668E+01   0.18330E-05
   5.40   0.43165E+01   0.19035E-05
   5.50   0.38303E+01   0.19753E-05
   5.60   0.34005E+01   0.20485E-05
   5.70   0.30201E+01   0.21230E-05
   5.80   0.26832E+01   0.21989E-05
   5.90   0.23847E+01   0.22762E-05
   6.00   0.21200E+01   0.23549E-05
   6.10   0.18850E+01   0.24349E-05
   6.20   0.16765E+01   0.25163E-05
   6.30   0.14912E+01   0.25991E-05
   6.40   0.13266E+01   0.26832E-05
   6.50   0.11802E+01   0.27687E-05
   6.60   0.10501E+01   0.28557E-05
   6.70   0.93427E+00   0.29439E-05
   6.80   0.83123E+00   0.30336E-05
   6.90   0.73952E+00   0.31247E-05
   7.00   0.65788E+00   0.32171E-05
   7.10   0.58518E+00   0.33110E-05
   7.20   0.52045E+00   0.34062E-05
   7.30   0.46280E+00   0.35028E-05
   7.40   0.41146E+00   0.36008E-05
   7.50   0.36573E+00   0.37002E-05
   7.60   0.32500E+00   0.38011E-05
   7.70   0.28873E+00   0.39033E-05
   7.80   0.25643E+00   0.40069E-05
   7.90   0.22766E+00   0.41119E-05
   8.00   0.20206E+00   0.42183E-05
   8.10   0.17926E+00   0.43262E-05
   8.20   0.15897E+00   0.44354E-05
   8.30   0.14092E+00   0.45460E-05
   8.40   0.12486E+00   0.46581E-05
   8.50   0.11057E+00   0.47716E-05
   8.60   0.97874E-01   0.48864E-05
   8.70   0.86585E-01   0.50027E-05
   8.80   0.76556E-01   0.51204E-05
   8.90   0.67647E-01   0.52396E-05
   9.00   0.59738E-01   0.53601E-05
   9.10   0.52720E-01   0.54821E-05
   9.20   0.46494E-01   0.56055E-05
   9.30   0.40974E-01   0.57303E-05
   9.40   0.36082E-01   0.58565E-05
   9.50   0.31750E-01   0.59841E-05
   9.60   0.27915E-01   0.61132E-05
   9.70   0.24523E-01   0.62436E-05
   9.80   0.21524E-01   0.63755E-05
   9.90   0.18874E-01   0.65088E-05
  10.00   0.16535E-01   0.66435E-05
E=1900.00000000000000
   3.00   0.99397E+02   0.61113E-06
   3.10   0.84864E+02   0.65273E-06
   3.20   0.72694E+02   0.69573E-06
   3.30   0.62458E+02   0.74010E-06
   3.40   0.53813E+02   0.78586E-06
   3.50   0.46484E+02   0.83301E-06
   3.60   0.40249E+02   0.88155E-06
   3.70   0.34927E+02   0.93148E-06
   3.80   0.30371E+02   0.98281E-06
   3.90   0.26459E+02   0.10355E-05
   4.00   0.23091E+02   0.10896E-05
   4.10   0.20184E+02   0.11452E-05
   4.20   0.17669E+02   0.12021E-05
   4.30   0.15489E+02   0.12604E-05
   4.40   0.13596E+02   0.13201E-05
   4.50   0.11948E+02   0.13813E-05
   4.60   0.10511E+02   0.14438E-05
   4.70   0.92560E+01   0.15078E-05
   4.80   0.81584E+01   0.15731E-05
   4.90   0.71970E+01   0.16399E-05
   5.00   0.63538E+01   0.17081E-05
   5.10   0.56133E+01   0.17777E-05
   5.20   0.49623E+01   0.18488E-05
   5.30   0.43893E+01   0.19212E-05
   5.40   0.38845E+01   0.19951E-05
   5.50   0.34393E+01   0.20704E-05
   5.60   0.30464E+01   0.21472E-05
   5.70   0.26994E+01   0.22253E-05
   5.80   0.23927E+01   0.23049E-05
   5.90   0.21213E+01   0.23860E-05
   6.00   0.18812E+01   0.24685E-05
   6.10   0.16686E+01   0.25524E-05
   6.20   0.14802E+01   0.26377E-05
   6.30   0.13132E+01   0.27245E-05
   6.40   0.11651E+01   0.28128E-05
   6.50   0.10338E+01   0.29025E-05
   6.60   0.91727E+00   0.29936E-05
   6.70   0.81384E+00   0.30862E-05
   6.80   0.72202E+00   0.31803E-05
   6.90   0.64050E+00   0.32758E-05
   7.00   0.56811E+00   0.33727E-05
   7.10   0.50381E+00   0.34712E-05
   7.20   0.44671E+00   0.35710E-05
   7.30   0.39599E+00   0.36724E-05
   7.40   0.35094E+00   0.37752E-05
   7.50   0.31092E+00   0.38795E-05
   7.60   0.27539E+00   0.39852E-05
   7.70   0.24383E+00   0.40924E-05
   7.80   0.21581E+00   0.42011E-05
   7.90   0.19093E+00   0.43113E-05
   8.00   0.16885E+00   0.44229E-05
   8.10   0.14926E+00   0.45360E-05
   8.20   0.13188E+00   0.46506E-05
   8.30   0.11646E+00   0.47667E-05
   8.40   0.10279E+00   0.48842E-05
   8.50   0.90670E-01   0.50033E-05
   8.60   0.79934E-01   0.51238E-05
   8.70   0.70425E-01   0.52458E-05
   8.80   0.62006E-01   0.53693E-05
   8.90   0.54557E-01   0.54942E-05
   9.00   0.47968E-01   0.56207E-05
   9.10   0.42143E-01   0.57486E-05
   9.20   0.36996E-01   0.58780E-05
   9.30   0.32451E-01   0.60089E-05
   9.40   0.28440E-01   0.61413E-05
   9.50   0.24903E-01   0.62752E-05
   9.60   0.21785E-01   0.64106E-05
   9.70   0.19039E-01   0.65474E-05
   9.80   0.16622E-01   0.66857E-05
   9.90   0.14497E-01   0.68255E-05
  10.00   0.12629E-01   0.69667E-05
E=1950.00000000000000
   3.00   0.93263E+02   0.63953E-06
   3.10   0.79528E+02   0.68307E-06
   3.20   0.68035E+02   0.72807E-06
   3.30   0.58377E+02   0.77452E-06
   3.40   0.50228E+02   0.82241E-06
   3.50   0.43326E+02   0.87176E-06
   3.60   0.37460E+02   0.92257E-06
   3.70   0.32459E+02   0.97484E-06
   3.80   0.28181E+02   0.10286E-05
   3.90   0.24512E+02   0.10837E-05
   4.00   0.21358E+02   0.11404E-05
   4.10   0.18638E+02   0.11985E-05
   4.20   0.16288E+02   0.12581E-05
   4.30   0.14254E+02   0.13191E-05
   4.40   0.12489E+02   0.13817E-05
   4.50   0.10955E+02   0.14457E-05
   4.60   0.96196E+01   0.15112E-05
   4.70   0.84549E+01   0.15781E-05
   4.80   0.74378E+01   0.16465E-05
   4.90   0.65482E+01   0.17165E-05
   5.00   0.57692E+01   0.17879E-05
   5.10   0.50862E+01   0.18608E-05
   5.20   0.44867E+01   0.19351E-05
   5.30   0.39600E+01   0.20110E-05
   5.40   0.34968E+01   0.20884E-05
   5.50   0.30891E+01   0.21672E-05
   5.60   0.27299E+01   0.22476E-05
   5.70   0.24132E+01   0.23295E-05
   5.80   0.21338E+01   0.24128E-05
   5.90   0.18872E+01   0.24977E-05
   6.00   0.16694E+01   0.25841E-05
   6.10   0.14769E+01   0.26719E-05
   6.20   0.13068E+01   0.27613E-05
   6.30   0.11563E+01   0.28522E-05
   6.40   0.10232E+01   0.29447E-05
   6.50   0.90533E+00   0.30386E-05
   6.60   0.80102E+00   0.31341E-05
   6.70   0.70867E+00   0.32310E-05
   6.80   0.62689E+00   0.33296E-05
   6.90   0.55446E+00   0.34296E-05
   7.00   0.49031E+00   0.35311E-05
   7.10   0.43348E+00   0.36342E-05
   7.20   0.38314E+00   0.37389E-05
   7.30   0.33855E+00   0.38450E-05
   7.40   0.29905E+00   0.39527E-05
   7.50   0.26407E+00   0.40619E-05
   7.60   0.23310E+00   0.41727E-05
   7.70   0.20568E+00   0.42850E-05
   7.80   0.18140E+00   0.43988E-05
   7.90   0.15991E+00   0.45142E-05
   8.00   0.14090E+00   0.46312E-05
   8.10   0.12408E+00   0.47497E-05
   8.20   0.10921E+00   0.48697E-05
   8.30   0.96069E-01   0.49913E-05
   8.40   0.84454E-01   0.51144E-05
   8.50   0.74195E-01   0.52391E-05
   8.60   0.65137E-01   0.53654E-05
   8.70   0.57144E-01   0.54932E-05
   8.80   0.50095E-01   0.56225E-05
   8.90   0.43880E-01   0.57534E-05
   9.00   0.38405E-01   0.58859E-05
   9.10   0.33584E-01   0.60199E-05
   9.20   0.29342E-01   0.61555E-05
   9.30   0.25611E-01   0.62926E-05
   9.40   0.22333E-01   0.64312E-05
   9.50   0.19454E-01   0.65714E-05
   9.60   0.16929E-01   0.67132E-05
   9.70   0.14715E-01   0.68565E-05
   9.80   0.12775E-01   0.70013E-05
   9.90   0.11078E-01   0.71476E-05
  10.00   0.95933E-02   0.72955E-05
E=2000.00000000000000
   3.00   0.87593E+02   0.66840E-06
   3.10   0.74598E+02   0.71392E-06
   3.20   0.63735E+02   0.76095E-06
   3.30   0.54613E+02   0.80950E-06
   3.40   0.46924E+02   0.85957E-06
   3.50   0.40418E+02   0.91116E-06
   3.60   0.34895E+02   0.96427E-06
   3.70   0.30190E+02   0.10189E-05
   3.80   0.26170E+02   0.10751E-05
   3.90   0.22727E+02   0.11328E-05
   4.00   0.19769E+02   0.11920E-05
   4.10   0.17223E+02   0.12528E-05
   4.20   0.15026E+02   0.13151E-05
   4.30   0.13126E+02   0.13789E-05
   4.40   0.11480E+02   0.14443E-05
   4.50   0.10051E+02   0.15112E-05
   4.60   0.88088E+01   0.15796E-05
   4.70   0.77272E+01   0.16497E-05
   4.80   0.67841E+01   0.17212E-05
   4.90   0.59606E+01   0.17943E-05
   5.00   0.52406E+01   0.18690E-05
   5.10   0.46104E+01   0.19452E-05
   5.20   0.40582E+01   0.20230E-05
   5.30   0.35738E+01   0.21023E-05
   5.40   0.31486E+01   0.21832E-05
   5.50   0.27751E+01   0.22657E-05
   5.60   0.24466E+01   0.23498E-05
   5.70   0.21576E+01   0.24354E-05
   5.80   0.19032E+01   0.25226E-05
   5.90   0.16790E+01   0.26113E-05
   6.00   0.14814E+01   0.27017E-05
   6.10   0.13072E+01   0.27936E-05
   6.20   0.11536E+01   0.28871E-05
   6.30   0.10180E+01   0.29822E-05
   6.40   0.89827E+00   0.30788E-05
   6.50   0.79259E+00   0.31771E-05
   6.60   0.69926E+00   0.32769E-05
   6.70   0.61684E+00   0.33784E-05
   6.80   0.54403E+00   0.34814E-05
   6.90   0.47971E+00   0.35861E-05
   7.00   0.42289E+00   0.36923E-05
   7.10   0.37270E+00   0.38001E-05
   7.20   0.32836E+00   0.39096E-05
   7.30   0.28919E+00   0.40206E-05
   7.40   0.25460E+00   0.41333E-05
   7.50   0.22405E+00   0.42476E-05
   7.60   0.19708E+00   0.43634E-05
   7.70   0.17328E+00   0.44809E-05
   7.80   0.15227E+00   0.46000E-05
   7.90   0.13374E+00   0.47208E-05
   8.00   0.11739E+00   0.48431E-05
   8.10   0.10298E+00   0.49671E-05
   8.20   0.90282E-01   0.50927E-05
   8.30   0.79096E-01   0.52199E-05
   8.40   0.69246E-01   0.53487E-05
   8.50   0.60578E-01   0.54791E-05
   8.60   0.52953E-01   0.56112E-05
   8.70   0.46250E-01   0.57449E-05
   8.80   0.40361E-01   0.58802E-05
   8.90   0.35190E-01   0.60172E-05
   9.00   0.30653E-01   0.61557E-05
   9.10   0.26675E-01   0.62959E-05
   9.20   0.23189E-01   0.64377E-05
   9.30   0.20137E-01   0.65811E-05
   9.40   0.17467E-01   0.67261E-05
   9.50   0.15133E-01   0.68728E-05
   9.60   0.13095E-01   0.70210E-05
   9.70   0.11317E-01   0.71708E-05
   9.80   0.97671E-02   0.73222E-05
   9.90   0.84176E-02   0.74752E-05
  10.00   0.72439E-02   0.76297E-05
E=2050.00000000000000
   3.00   0.82343E+02   0.69774E-06
   3.10   0.70037E+02   0.74526E-06
   3.20   0.59758E+02   0.79436E-06
   3.30   0.51135E+02   0.84505E-06
   3.40   0.43874E+02   0.89733E-06
   3.50   0.37736E+02   0.95120E-06
   3.60   0.32530E+02   0.10067E-05
   3.70   0.28100E+02   0.10637E-05
   3.80   0.24321E+02   0.11223E-05
   3.90   0.21086E+02   0.11826E-05
   4.00   0.18311E+02   0.12444E-05
   4.10   0.15925E+02   0.13079E-05
   4.20   0.13869E+02   0.13729E-05
   4.30   0.12094E+02   0.14396E-05
   4.40   0.10558E+02   0.15079E-05
   4.50   0.92262E+01   0.15778E-05
   4.60   0.80704E+01   0.16492E-05
   4.70   0.70655E+01   0.17224E-05
   4.80   0.61906E+01   0.17971E-05
   4.90   0.54279E+01   0.18735E-05
   5.00   0.47621E+01   0.19514E-05
   5.10   0.41804E+01   0.20311E-05
   5.20   0.36716E+01   0.21123E-05
   5.30   0.32261E+01   0.21952E-05
   5.40   0.28357E+01   0.22797E-05
   5.50   0.24934E+01   0.23658E-05
   5.60   0.21930E+01   0.24536E-05
   5.70   0.19292E+01   0.25430E-05
   5.80   0.16975E+01   0.26341E-05
   5.90   0.14937E+01   0.27268E-05
   6.00   0.13145E+01   0.28212E-05
   6.10   0.11569E+01   0.29172E-05
   6.20   0.10181E+01   0.30149E-05
   6.30   0.89597E+00   0.31142E-05
   6.40   0.78840E+00   0.32152E-05
   6.50   0.69365E+00   0.33179E-05
   6.60   0.61018E+00   0.34222E-05
   6.70   0.53665E+00   0.35282E-05
   6.80   0.47187E+00   0.36358E-05
   6.90   0.41479E+00   0.37452E-05
   7.00   0.36450E+00   0.38562E-05
   7.10   0.32020E+00   0.39688E-05
   7.20   0.28117E+00   0.40832E-05
   7.30   0.24680E+00   0.41992E-05
   7.40   0.21653E+00   0.43169E-05
   7.50   0.18989E+00   0.44363E-05
   7.60   0.16643E+00   0.45574E-05
   7.70   0.14579E+00   0.46802E-05
   7.80   0.12764E+00   0.48046E-05
   7.90   0.11168E+00   0.49308E-05
   8.00   0.97644E-01   0.50586E-05
   8.10   0.85316E-01   0.51881E-05
   8.20   0.74490E-01   0.53193E-05
   8.30   0.64988E-01   0.54523E-05
   8.40   0.56652E-01   0.55869E-05
   8.50   0.49344E-01   0.57232E-05
   8.60   0.42940E-01   0.58612E-05
   8.70   0.37332E-01   0.60009E-05
   8.80   0.32425E-01   0.61422E-05
   8.90   0.28134E-01   0.62853E-05
   9.00   0.24385E-01   0.64301E-05
   9.10   0.21112E-01   0.65765E-05
   9.20   0.18257E-01   0.67246E-05
   9.30   0.15769E-01   0.68744E-05
   9.40   0.13602E-01   0.70259E-05
   9.50   0.11717E-01   0.71790E-05
   9.60   0.10079E-01   0.73338E-05
   9.70   0.86578E-02   0.74902E-05
   9.80   0.74251E-02   0.76482E-05
   9.90   0.63576E-02   0.78078E-05
  10.00   0.54343E-02   0.79690E-05
E=2100.00000000000000
   3.00   0.77474E+02   0.72753E-06
   3.10   0.65809E+02   0.77708E-06
   3.20   0.56075E+02   0.82829E-06
   3.30   0.47917E+02   0.88116E-06
   3.40   0.41054E+02   0.93568E-06
   3.50   0.35258E+02   0.99185E-06
   3.60   0.30348E+02   0.10497E-05
   3.70   0.26174E+02   0.11092E-05
   3.80   0.22617E+02   0.11704E-05
   3.90   0.19577E+02   0.12332E-05
   4.00   0.16972E+02   0.12977E-05
   4.10   0.14735E+02   0.13639E-05
   4.20   0.12809E+02   0.14317E-05
   4.30   0.11149E+02   0.15013E-05
   4.40   0.97148E+01   0.15725E-05
   4.50   0.84734E+01   0.16454E-05
   4.60   0.73973E+01   0.17200E-05
   4.70   0.64632E+01   0.17962E-05
   4.80   0.56512E+01   0.18742E-05
   4.90   0.49445E+01   0.19539E-05
   5.00   0.43287E+01   0.20352E-05
   5.10   0.37916E+01   0.21183E-05
   5.20   0.33226E+01   0.22030E-05
   5.30   0.29128E+01   0.22895E-05
   5.40   0.25544E+01   0.23777E-05
   5.50   0.22406E+01   0.24675E-05
   5.60   0.19659E+01   0.25591E-05
   5.70   0.17251E+01   0.26524E-05
   5.80   0.15140E+01   0.27475E-05
   5.90   0.13288E+01   0.28442E-05
   6.00   0.11663E+01   0.29427E-05
   6.10   0.10237E+01   0.30429E-05
   6.20   0.89840E+00   0.31448E-05
   6.30   0.78838E+00   0.32484E-05
   6.40   0.69173E+00   0.33538E-05
   6.50   0.60682E+00   0.34610E-05
   6.60   0.53220E+00   0.35698E-05
   6.70   0.46664E+00   0.36804E-05
   6.80   0.40903E+00   0.37928E-05
   6.90   0.35841E+00   0.39068E-05
   7.00   0.31394E+00   0.40227E-05
   7.10   0.27487E+00   0.41403E-05
   7.20   0.24055E+00   0.42596E-05
   7.30   0.21041E+00   0.43807E-05
   7.40   0.18396E+00   0.45035E-05
   7.50   0.16074E+00   0.46281E-05
   7.60   0.14036E+00   0.47545E-05
   7.70   0.12250E+00   0.48826E-05
   7.80   0.10683E+00   0.50125E-05
   7.90   0.93101E-01   0.51442E-05
   8.00   0.81076E-01   0.52776E-05
   8.10   0.70548E-01   0.54128E-05
   8.20   0.61336E-01   0.55497E-05
   8.30   0.53280E-01   0.56884E-05
   8.40   0.46241E-01   0.58289E-05
   8.50   0.40092E-01   0.59712E-05
   8.60   0.34726E-01   0.61152E-05
   8.70   0.30047E-01   0.62609E-05
   8.80   0.25969E-01   0.64085E-05
   8.90   0.22419E-01   0.65577E-05
   9.00   0.19331E-01   0.67088E-05
   9.10   0.16647E-01   0.68616E-05
   9.20   0.14316E-01   0.70161E-05
   9.30   0.12295E-01   0.71723E-05
   9.40   0.10543E-01   0.73303E-05
   9.50   0.90272E-02   0.74899E-05
   9.60   0.77168E-02   0.76513E-05
   9.70   0.65854E-02   0.78143E-05
   9.80   0.56099E-02   0.79789E-05
   9.90   0.47699E-02   0.81452E-05
  10.00   0.40476E-02   0.83130E-05
E=2150.00000000000000
   3.00   0.72952E+02   0.75776E-06
   3.10   0.61886E+02   0.80939E-06
   3.20   0.52660E+02   0.86273E-06
   3.30   0.44935E+02   0.91780E-06
   3.40   0.38443E+02   0.97460E-06
   3.50   0.32966E+02   0.10331E-05
   3.60   0.28331E+02   0.10934E-05
   3.70   0.24396E+02   0.11554E-05
   3.80   0.21046E+02   0.12191E-05
   3.90   0.18187E+02   0.12846E-05
   4.00   0.15740E+02   0.13518E-05
   4.10   0.13641E+02   0.14207E-05
   4.20   0.11837E+02   0.14914E-05
   4.30   0.10284E+02   0.15639E-05
   4.40   0.89434E+01   0.16381E-05
   4.50   0.77854E+01   0.17140E-05
   4.60   0.67831E+01   0.17917E-05
   4.70   0.59145E+01   0.18712E-05
   4.80   0.51606E+01   0.19525E-05
   4.90   0.45056E+01   0.20355E-05
   5.00   0.39359E+01   0.21203E-05
   5.10   0.34398E+01   0.22068E-05
   5.20   0.30075E+01   0.22951E-05
   5.30   0.26304E+01   0.23853E-05
   5.40   0.23012E+01   0.24771E-05
   5.50   0.20136E+01   0.25708E-05
   5.60   0.17623E+01   0.26663E-05
   5.70   0.15426E+01   0.27635E-05
   5.80   0.13503E+01   0.28626E-05
   5.90   0.11820E+01   0.29634E-05
   6.00   0.10346E+01   0.30660E-05
   6.10   0.90560E+00   0.31705E-05
   6.20   0.79254E+00   0.32767E-05
   6.30   0.69349E+00   0.33847E-05
   6.40   0.60669E+00   0.34946E-05
   6.50   0.53062E+00   0.36063E-05
   6.60   0.46395E+00   0.37197E-05
   6.70   0.40553E+00   0.38350E-05
   6.80   0.35433E+00   0.39521E-05
   6.90   0.30947E+00   0.40711E-05
   7.00   0.27017E+00   0.41918E-05
   7.10   0.23574E+00   0.43144E-05
   7.20   0.20559E+00   0.44388E-05
   7.30   0.17920E+00   0.45650E-05
   7.40   0.15610E+00   0.46931E-05
   7.50   0.13589E+00   0.48230E-05
   7.60   0.11822E+00   0.49547E-05
   7.70   0.10277E+00   0.50883E-05
   7.80   0.89270E-01   0.52237E-05
   7.90   0.77482E-01   0.53609E-05
   8.00   0.67194E-01   0.55000E-05
   8.10   0.58219E-01   0.56410E-05
   8.20   0.50396E-01   0.57837E-05
   8.30   0.43581E-01   0.59283E-05
   8.40   0.37649E-01   0.60747E-05
   8.50   0.32488E-01   0.62230E-05
   8.60   0.28004E-01   0.63731E-05
   8.70   0.24109E-01   0.65250E-05
   8.80   0.20730E-01   0.66788E-05
   8.90   0.17802E-01   0.68344E-05
   9.00   0.15266E-01   0.69917E-05
   9.10   0.13072E-01   0.71509E-05
   9.20   0.11177E-01   0.73119E-05
   9.30   0.95409E-02   0.74746E-05
   9.40   0.81309E-02   0.76391E-05
   9.50   0.69171E-02   0.78053E-05
   9.60   0.58736E-02   0.79732E-05
   9.70   0.49777E-02   0.81428E-05
   9.80   0.42098E-02   0.83141E-05
   9.90   0.35526E-02   0.84869E-05
  10.00   0.29911E-02   0.86612E-05
E=2200.00000000000000
   3.00   0.68746E+02   0.78844E-06
   3.10   0.58240E+02   0.84216E-06
   3.20   0.49489E+02   0.89767E-06
   3.30   0.42169E+02   0.95498E-06
   3.40   0.36023E+02   0.10141E-05
   3.50   0.30844E+02   0.10750E-05
   3.60   0.26466E+02   0.11377E-05
   3.70   0.22753E+02   0.12022E-05
   3.80   0.19596E+02   0.12685E-05
   3.90   0.16905E+02   0.13367E-05
   4.00   0.14605E+02   0.14066E-05
   4.10   0.12634E+02   0.14784E-05
   4.20   0.10944E+02   0.15520E-05
   4.30   0.94895E+01   0.16274E-05
   4.40   0.82369E+01   0.17046E-05
   4.50   0.71561E+01   0.17837E-05
   4.60   0.62223E+01   0.18646E-05
   4.70   0.54142E+01   0.19473E-05
   4.80   0.47141E+01   0.20319E-05
   4.90   0.41068E+01   0.21183E-05
   5.00   0.35795E+01   0.22066E-05
   5.10   0.31213E+01   0.22967E-05
   5.20   0.27226E+01   0.23886E-05
   5.30   0.23756E+01   0.24825E-05
   5.40   0.20733E+01   0.25781E-05
   5.50   0.18097E+01   0.26756E-05
   5.60   0.15799E+01   0.27750E-05
   5.70   0.13793E+01   0.28763E-05
   5.80   0.12042E+01   0.29794E-05
   5.90   0.10512E+01   0.30844E-05
   6.00   0.91766E+00   0.31912E-05
   6.10   0.80094E+00   0.33000E-05
   6.20   0.69894E+00   0.34106E-05
   6.30   0.60979E+00   0.35231E-05
   6.40   0.53187E+00   0.36375E-05
   6.50   0.46376E+00   0.37538E-05
   6.60   0.40423E+00   0.38719E-05
   6.70   0.35220E+00   0.39920E-05
   6.80   0.30673E+00   0.41139E-05
   6.90   0.26700E+00   0.42378E-05
   7.00   0.23230E+00   0.43635E-05
   7.10   0.20200E+00   0.44912E-05
   7.20   0.17554E+00   0.46207E-05
   7.30   0.15244E+00   0.47522E-05
   7.40   0.13230E+00   0.48855E-05
   7.50   0.11473E+00   0.50208E-05
   7.60   0.99422E-01   0.51580E-05
   7.70   0.86084E-01   0.52971E-05
   7.80   0.74471E-01   0.54381E-05
   7.90   0.64366E-01   0.55810E-05
   8.00   0.55579E-01   0.57258E-05
   8.10   0.47943E-01   0.58726E-05
   8.20   0.41312E-01   0.60212E-05
   8.30   0.35560E-01   0.61718E-05
   8.40   0.30572E-01   0.63243E-05
   8.50   0.26252E-01   0.64786E-05
   8.60   0.22513E-01   0.66349E-05
   8.70   0.19281E-01   0.67931E-05
   8.80   0.16490E-01   0.69531E-05
   8.90   0.14082E-01   0.71150E-05
   9.00   0.12006E-01   0.72788E-05
   9.10   0.10220E-01   0.74444E-05
   9.20   0.86845E-02   0.76119E-05
   9.30   0.73663E-02   0.77811E-05
   9.40   0.62362E-02   0.79521E-05
   9.50   0.52689E-02   0.81249E-05
   9.60   0.44421E-02   0.82994E-05
   9.70   0.37365E-02   0.84755E-05
   9.80   0.31356E-02   0.86532E-05
   9.90   0.26246E-02   0.88324E-05
  10.00   0.21910E-02   0.90131E-05
E=2250.00000000000000
   3.00   0.64830E+02   0.81954E-06
   3.10   0.54847E+02   0.87539E-06
   3.20   0.46540E+02   0.93311E-06
   3.30   0.39599E+02   0.99269E-06
   3.40   0.33777E+02   0.10541E-05
   3.50   0.28876E+02   0.11175E-05
   3.60   0.24738E+02   0.11827E-05
   3.70   0.21233E+02   0.12497E-05
   3.80   0.18256E+02   0.13187E-05
   3.90   0.15722E+02   0.13895E-05
   4.00   0.13558E+02   0.14623E-05
   4.10   0.11708E+02   0.15369E-05
   4.20   0.10122E+02   0.16134E-05
   4.30   0.87604E+01   0.16918E-05
   4.40   0.75892E+01   0.17722E-05
   4.50   0.65802E+01   0.18544E-05
   4.60   0.57097E+01   0.19385E-05
   4.70   0.49577E+01   0.20245E-05
   4.80   0.43073E+01   0.21125E-05
   4.90   0.37442E+01   0.22024E-05
   5.00   0.32561E+01   0.22941E-05
   5.10   0.28327E+01   0.23879E-05
   5.20   0.24651E+01   0.24835E-05
   5.30   0.21457E+01   0.25811E-05
   5.40   0.18680E+01   0.26806E-05
   5.50   0.16264E+01   0.27820E-05
   5.60   0.14162E+01   0.28854E-05
   5.70   0.12332E+01   0.29907E-05
   5.80   0.10737E+01   0.30979E-05
   5.90   0.93478E+00   0.32071E-05
   6.00   0.81371E+00   0.33183E-05
   6.10   0.70818E+00   0.34314E-05
   6.20   0.61618E+00   0.35465E-05
   6.30   0.53598E+00   0.36635E-05
   6.40   0.46607E+00   0.37825E-05
   6.50   0.40511E+00   0.39034E-05
   6.60   0.35198E+00   0.40263E-05
   6.70   0.30568E+00   0.41512E-05
   6.80   0.26533E+00   0.42781E-05
   6.90   0.23018E+00   0.44069E-05
   7.00   0.19956E+00   0.45377E-05
   7.10   0.17291E+00   0.46705E-05
   7.20   0.14971E+00   0.48053E-05
   7.30   0.12953E+00   0.49421E-05
   7.40   0.11198E+00   0.50808E-05
   7.50   0.96733E-01   0.52215E-05
   7.60   0.83487E-01   0.53642E-05
   7.70   0.71989E-01   0.55089E-05
   7.80   0.62014E-01   0.56556E-05
   7.90   0.53367E-01   0.58043E-05
   8.00   0.45876E-01   0.59549E-05
   8.10   0.39392E-01   0.61076E-05
   8.20   0.33785E-01   0.62622E-05
   8.30   0.28939E-01   0.64188E-05
   8.40   0.24756E-01   0.65774E-05
   8.50   0.21149E-01   0.67379E-05
   8.60   0.18041E-01   0.69004E-05
   8.70   0.15366E-01   0.70649E-05
   8.80   0.13067E-01   0.72313E-05
   8.90   0.11094E-01   0.73996E-05
   9.00   0.94016E-02   0.75698E-05
   9.10   0.79526E-02   0.77419E-05
   9.20   0.67138E-02   0.79158E-05
   9.30   0.56561E-02   0.80916E-05
   9.40   0.47547E-02   0.82691E-05
   9.50   0.39876E-02   0.84484E-05
   9.60   0.33360E-02   0.86293E-05
   9.70   0.27836E-02   0.88118E-05
   9.80   0.23163E-02   0.89957E-05
   9.90   0.19217E-02   0.91811E-05
  10.00   0.15893E-02   0.93676E-05
