  0.3760  7.53250e-01 
  0.3830  7.44520e-01 
  0.3910  7.35720e-01 
  0.3980  7.26850e-01 
  0.4060  7.17920e-01 
  0.4130  7.08930e-01 
  0.4210  6.99880e-01 
  0.4280  6.90780e-01 
  0.4360  6.81640e-01 
  0.4430  6.72460e-01 
  0.4510  6.63240e-01 
  0.4580  6.54000e-01 
  0.4660  6.44720e-01 
  0.4730  6.35430e-01 
  0.4810  6.26120e-01 
  0.4880  6.16790e-01 
  0.4960  6.07460e-01 
  0.5030  5.98130e-01 
  0.5110  5.88790e-01 
  0.5180  5.79470e-01 
  0.5260  5.70150e-01 
  0.5330  5.60840e-01 
  0.5410  5.51550e-01 
  0.5480  5.42280e-01 
  0.5560  5.33040e-01 
  0.5630  5.23830e-01 
  0.5710  5.14650e-01 
  0.5780  5.05510e-01 
  0.5860  4.96400e-01 
  0.5930  4.87340e-01 
  0.6010  4.78330e-01 
  0.6080  4.69370e-01 
  0.6160  4.60460e-01 
  0.6230  4.51600e-01 
  0.6310  4.42810e-01 
  0.6380  4.34080e-01 
  0.6460  4.25420e-01 
  0.6530  4.16820e-01 
  0.6610  4.08290e-01 
  0.6680  3.99840e-01 
  0.6760  3.91460e-01 
  0.6830  3.83170e-01 
  0.6910  3.74950e-01 
  0.6980  3.66810e-01 
  0.7060  3.58760e-01 
  0.7130  3.50800e-01 
  0.7210  3.42920e-01 
  0.7280  3.35140e-01 
  0.7360  3.27440e-01 
  0.7430  3.19840e-01 
  0.7500  3.12330e-01 
  0.7580  3.04930e-01 
  0.7650  2.97610e-01 
  0.7730  2.90400e-01 
  0.7800  2.83290e-01 
  0.7880  2.76270e-01 
  0.7950  2.69360e-01 
  0.8030  2.62560e-01 
  0.8100  2.55850e-01 
  0.8180  2.49250e-01 
  0.8250  2.42750e-01 
  0.8330  2.36360e-01 
  0.8400  2.30080e-01 
  0.8480  2.23890e-01 
  0.8550  2.17820e-01 
  0.8630  2.11850e-01 
  0.8700  2.05990e-01 
  0.8770  2.00230e-01 
  0.8850  1.94580e-01 
  0.8920  1.89040e-01 
  0.9000  1.83600e-01 
  0.9070  1.78270e-01 
  0.9150  1.73040e-01 
  0.9220  1.67920e-01 
  0.9300  1.62900e-01 
  0.9370  1.57980e-01 
  0.9450  1.53170e-01 
  0.9520  1.48460e-01 
  0.9590  1.43850e-01 
  0.9670  1.39350e-01 
  0.9740  1.34940e-01 
  0.9820  1.30630e-01 
  0.9890  1.26430e-01 
  0.9970  1.22320e-01 
  1.0040  1.18300e-01 
  1.0120  1.14390e-01 
  1.0190  1.10560e-01 
  1.0260  1.06840e-01 
  1.0340  1.03200e-01 
  1.0410  9.96550e-02 
  1.0490  9.62010e-02 
  1.0560  9.28360e-02 
  1.0640  8.95590e-02 
  1.0710  8.63680e-02 
  1.0790  8.32640e-02 
  1.0860  8.02430e-02 
  1.0930  7.73050e-02 
  1.1010  7.44490e-02 
  1.1080  7.16730e-02 
  1.1160  6.89770e-02 
  1.1230  6.63580e-02 
  1.1310  6.38150e-02 
  1.1380  6.13470e-02 
  1.1450  5.89520e-02 
  1.1530  5.66300e-02 
  1.1600  5.43790e-02 
  1.1680  5.21970e-02 
  1.1750  5.00830e-02 
  1.1820  4.80360e-02 
  1.1900  4.60530e-02 
  1.1970  4.41350e-02 
  1.2050  4.22800e-02 
  1.2120  4.04850e-02 
  1.2200  3.87510e-02 
  1.2270  3.70740e-02 
  1.2340  3.54550e-02 
  1.2420  3.38920e-02 
  1.2490  3.23830e-02 
  1.2570  3.09270e-02 
  1.2640  2.95230e-02 
  1.2710  2.81690e-02 
  1.2790  2.68650e-02 
  1.2860  2.56080e-02 
  1.2940  2.43980e-02 
  1.3010  2.32340e-02 
  1.3080  2.21130e-02 
  1.3160  2.10360e-02 
  1.3230  2.00010e-02 
  1.3310  1.90060e-02 
  1.3380  1.80500e-02 
  1.3450  1.71330e-02 
  1.3530  1.62530e-02 
  1.3600  1.54090e-02 
  1.3670  1.46000e-02 
  1.3750  1.38240e-02 
  1.3820  1.30820e-02 
  1.3900  1.23710e-02 
  1.3970  1.16920e-02 
  1.4040  1.10420e-02 
  1.4120  1.04200e-02 
  1.4190  9.82710e-03 
  1.4260  9.26070e-03 
  1.4340  8.72030e-03 
  1.4410  8.20490e-03 
  1.4490  7.71380e-03 
  1.4560  7.24610e-03 
  1.4630  6.80090e-03 
  1.4710  6.37740e-03 
  1.4780  5.97480e-03 
  1.4850  5.59240e-03 
  1.4930  5.22940e-03 
  1.5000  4.88500e-03 
  1.5070  4.55850e-03 
  1.5150  4.24920e-03 
  1.5220  3.95650e-03 
  1.5290  3.67970e-03 
  1.5370  3.41810e-03 
  1.5440  3.17110e-03 
  1.5510  2.93800e-03 
  1.5590  2.71840e-03 
  1.5660  2.51160e-03 
  1.5730  2.31710e-03 
  1.5810  2.13440e-03 
  1.5880  1.96280e-03 
  1.5950  1.80200e-03 
  1.6030  1.65130e-03 
  1.6100  1.51040e-03 
  1.6170  1.37880e-03 
  1.6250  1.25610e-03 
  1.6320  1.14170e-03 
  1.6390  1.03540e-03 
  1.6470  9.36620e-04 
  1.6540  8.45100e-04 
  1.6610  7.60430e-04 
  1.6690  6.82260e-04 
  1.6760  6.10230e-04 
  1.6830  5.44030e-04 
  1.6910  4.83320e-04 
  1.6980  4.27810e-04 
  1.7050  3.77210e-04 
  1.7130  3.31230e-04 
  1.7200  2.89600e-04 
  1.7270  2.52060e-04 
  1.7340  2.18360e-04 
  1.7420  1.88270e-04 
  1.7490  1.61550e-04 
  1.7560  1.38000e-04 
  1.7640  1.17390e-04 
  1.7710  9.95420e-05 
  1.7780  8.42540e-05 
  1.7850  7.13480e-05 
  1.7930  6.06510e-05 
  1.8000  5.19990e-05 
  1.8070  4.52360e-05 
  1.8150  4.02130e-05 
  1.8220  3.67890e-05 
  1.8290  3.48300e-05 
  1.8360  3.42090e-05 
  1.8440  3.48060e-05 
  1.8510  3.65070e-05 
  1.8580  3.92040e-05 
  1.8650  4.27950e-05 
  1.8730  4.71860e-05 
  1.8800  5.22840e-05 
  1.8870  5.80060e-05 
  1.8940  6.42720e-05 
  1.9020  7.10060e-05 
  1.9090  7.81390e-05 
  1.9160  8.56040e-05 
  1.9230  9.33410e-05 
  1.9310  1.01290e-04 
  1.9380  1.09400e-04 
  1.9450  1.17620e-04 
  1.9520  1.25910e-04 
  1.9600  1.34220e-04 
  1.9670  1.42520e-04 
  1.9740  1.50760e-04 
  1.9810  1.58910e-04 
  1.9890  1.66960e-04 
  1.9960  1.74850e-04 
  2.0030  1.82590e-04 
  2.0100  1.90130e-04 
  2.0170  1.97460e-04 
  2.0250  2.04560e-04 
  2.0320  2.11420e-04 
  2.0390  2.18010e-04 
  2.0460  2.24340e-04 
  2.0530  2.30390e-04 
  2.0610  2.36150e-04 
  2.0680  2.41610e-04 
  2.0750  2.46770e-04 
  2.0820  2.51620e-04 
  2.0890  2.56160e-04 
  2.0970  2.60390e-04 
  2.1040  2.64310e-04 
  2.1110  2.67910e-04 
  2.1180  2.71200e-04 
  2.1250  2.74180e-04 
  2.1330  2.76850e-04 
  2.1400  2.79210e-04 
  2.1470  2.81280e-04 
  2.1540  2.83050e-04 
  2.1610  2.84520e-04 
  2.1680  2.85720e-04 
  2.1760  2.86630e-04 
  2.1830  2.87270e-04 
  2.1900  2.87650e-04 
  2.1970  2.87760e-04 
  2.2040  2.87630e-04 
  2.2110  2.87250e-04 
  2.2190  2.86640e-04 
  2.2260  2.85800e-04 
  2.2330  2.84740e-04 
  2.2400  2.83480e-04 
  2.2470  2.82000e-04 
  2.2540  2.80340e-04 
  2.2610  2.78490e-04 
  2.2690  2.76470e-04 
  2.2760  2.74280e-04 
  2.2830  2.71920e-04 
  2.2900  2.69420e-04 
  2.2970  2.66770e-04 
  2.3040  2.63990e-04 
  2.3110  2.61090e-04 
  2.3190  2.58060e-04 
  2.3260  2.54930e-04 
  2.3330  2.51690e-04 
  2.3400  2.48360e-04 
  2.3470  2.44940e-04 
  2.3540  2.41440e-04 
  2.3610  2.37870e-04 
  2.3680  2.34230e-04 
  2.3750  2.30530e-04 
  2.3820  2.26780e-04 
  2.3900  2.22980e-04 
  2.3970  2.19140e-04 
  2.4040  2.15270e-04 
  2.4110  2.11360e-04 
  2.4180  2.07440e-04 
  2.4250  2.03500e-04 
  2.4320  1.99540e-04 
  2.4390  1.95580e-04 
  2.4460  1.91610e-04 
  2.4530  1.87650e-04 
  2.4600  1.83690e-04 
  2.4670  1.79740e-04 
  2.4750  1.75810e-04 
  2.4820  1.71890e-04 
  2.4890  1.67990e-04 
  2.4960  1.64120e-04 
  2.5030  1.60280e-04 
  2.5100  1.56470e-04 
  2.5170  1.52690e-04 
  2.5240  1.48950e-04 
  2.5310  1.45240e-04 
  2.5380  1.41580e-04 
  2.5450  1.37960e-04 
  2.5520  1.34390e-04 
  2.5590  1.30860e-04 
  2.5660  1.27380e-04 
  2.5730  1.23950e-04 
  2.5800  1.20580e-04 
  2.5870  1.17250e-04 
  2.5940  1.13980e-04 
  2.6010  1.10770e-04 
  2.6080  1.07610e-04 
  2.6150  1.04510e-04 
  2.6220  1.01460e-04 
  2.6290  9.84740e-05 
  2.6360  9.55450e-05 
  2.6430  9.26750e-05 
  2.6500  8.98640e-05 
  2.6570  8.71120e-05 
  2.6640  8.44190e-05 
  2.6710  8.17850e-05 
  2.6780  7.92100e-05 
  2.6850  7.66940e-05 
  2.6920  7.42370e-05 
  2.6990  7.18380e-05 
  2.7060  6.94970e-05 
  2.7130  6.72130e-05 
  2.7200  6.49870e-05 
  2.7270  6.28170e-05 
  2.7340  6.07040e-05 
  2.7410  5.86460e-05 
  2.7480  5.66420e-05 
  2.7550  5.46930e-05 
  2.7620  5.27970e-05 
  2.7690  5.09540e-05 
  2.7760  4.91620e-05 
  2.7830  4.74220e-05 
  2.7900  4.57310e-05 
  2.7970  4.40900e-05 
  2.8030  4.24980e-05 
  2.8100  4.09530e-05 
  2.8170  3.94550e-05 
  2.8240  3.80020e-05 
  2.8310  3.65950e-05 
  2.8380  3.52310e-05 
  2.8450  3.39110e-05 
  2.8520  3.26320e-05 
  2.8590  3.13950e-05 
  2.8660  3.01970e-05 
  2.8730  2.90390e-05 
  2.8800  2.79190e-05 
  2.8860  2.68370e-05 
  2.8930  2.57910e-05 
  2.9000  2.47800e-05 
  2.9070  2.38040e-05 
  2.9140  2.28620e-05 
  2.9210  2.19520e-05 
  2.9210  2.19520e-05 

