E=550
    2.00    .12894E+07     .17614E-07  
    2.20    .87651E+06     .26353E-07  
    2.40    .61435E+06     .36339E-07  
    2.60    .44159E+06     .47488E-07  
    2.80    .32418E+06     .59721E-07  
    3.00    .24225E+06     .72962E-07  
    3.20    .18380E+06     .87139E-07  
    3.40    .14127E+06     .10219E-06  
    3.60    .10982E+06     .11804E-06  
    3.80    .86201E+05     .13465E-06  
    4.00    .68242E+05     .15195E-06  
    4.20    .54430E+05     .16988E-06  
    4.40    .43698E+05     .18841E-06  
    4.60    .35285E+05     .20747E-06  
    4.80    .28636E+05     .22702E-06  
    5.00    .23345E+05     .24701E-06  
    5.20    .19106E+05     .26739E-06  
    5.40    .15691E+05     .28811E-06  
    5.60    .12926E+05     .30911E-06  
    5.80    .10677E+05     .33035E-06  
    6.00    .88396E+04     .35178E-06  
    6.20    .73334E+04     .37332E-06  
    6.40    .60945E+04     .39494E-06  
    6.60    .50726E+04     .41656E-06  
    6.80    .42274E+04     .43812E-06  
    7.00    .35269E+04     .45955E-06  
    7.20    .29451E+04     .48079E-06  
    7.40    .24611E+04     .50175E-06  
    7.60    .20578E+04     .52237E-06  
    7.80    .17213E+04     .54256E-06  
    8.00    .14404E+04     .56224E-06  
    8.20    .12056E+04     .58133E-06  
    8.40    .10092E+04     .59974E-06  
    8.60    .84492E+03     .61739E-06  
    8.80    .70741E+03     .63420E-06  
    9.00    .59231E+03     .65008E-06  
    9.20    .49595E+03     .66498E-06  
    9.40    .41530E+03     .67885E-06  
    9.60    .34781E+03     .69164E-06  
    9.80    .29135E+03     .70335E-06  
   10.00    .24415E+03     .71400E-06  
   10.20    .20469E+03     .72366E-06  
   10.40    .17174E+03     .73245E-06  
   10.60    .14422E+03     .74055E-06  
   10.80    .12127E+03     .74824E-06  
   11.00    .10213E+03     .75585E-06  
   11.20    .86176E+02     .76382E-06  
   11.40    .72888E+02     .77270E-06  
   11.60    .61822E+02     .78311E-06  
   11.80    .52608E+02     .79577E-06  
   12.00    .44934E+02     .81143E-06  
   12.20    .38540E+02     .83089E-06  
   12.40    .33209E+02     .85490E-06  
   12.60    .28758E+02     .88415E-06  
   12.80    .25035E+02     .91917E-06  
   13.00    .21913E+02     .96034E-06  
   13.20    .19287E+02     .10078E-05  
   13.40    .17070E+02     .10614E-05  
   13.60    .15188E+02     .11209E-05  
   13.80    .13582E+02     .11856E-05  
   14.00    .12204E+02     .12548E-05  
   14.20    .11012E+02     .13277E-05  
   14.40    .99732E+01     .14034E-05  
   14.60    .90614E+01     .14810E-05  
   14.80    .82545E+01     .15595E-05  
   15.00    .75347E+01     .16381E-05  
E=600 
    2.00    .10772E+07     .25332E-07  
    2.20    .72987E+06     .36111E-07  
    2.40    .50965E+06     .48272E-07  
    2.60    .36479E+06     .61712E-07  
    2.80    .26653E+06     .76335E-07  
    3.00    .19814E+06     .92050E-07  
    3.20    .14948E+06     .10877E-06  
    3.40    .11420E+06     .12643E-06  
    3.60    .88191E+05     .14493E-06  
    3.80    .68746E+05     .16423E-06  
    4.00    .54023E+05     .18424E-06  
    4.20    .42753E+05     .20490E-06  
    4.40    .34043E+05     .22615E-06  
    4.60    .27252E+05     .24792E-06  
    4.80    .21917E+05     .27015E-06  
    5.00    .17699E+05     .29278E-06  
    5.20    .14343E+05     .31574E-06  
    5.40    .11658E+05     .33896E-06  
    5.60    .95015E+04     .36237E-06  
    5.80    .77611E+04     .38590E-06  
    6.00    .63517E+04     .40946E-06  
    6.20    .52067E+04     .43299E-06  
    6.40    .42738E+04     .45638E-06  
    6.60    .35119E+04     .47956E-06  
    6.80    .28884E+04     .50242E-06  
    7.00    .23772E+04     .52487E-06  
    7.20    .19575E+04     .54681E-06  
    7.40    .16126E+04     .56812E-06  
    7.60    .13287E+04     .58871E-06  
    7.80    .10950E+04     .60845E-06  
    8.00    .90249E+03     .62725E-06  
    8.20    .74386E+03     .64501E-06  
    8.40    .61315E+03     .66162E-06  
    8.60    .50543E+03     .67702E-06  
    8.80    .41670E+03     .69116E-06  
    9.00    .34363E+03     .70402E-06  
    9.20    .28348E+03     .71562E-06  
    9.40    .23401E+03     .72605E-06  
    9.60    .19334E+03     .73549E-06  
    9.80    .15992E+03     .74418E-06  
   10.00    .13250E+03     .75249E-06  
   10.20    .10999E+03     .76092E-06  
   10.40    .91544E+02     .77008E-06  
   10.60    .76423E+02     .78075E-06  
   10.80    .64035E+02     .79379E-06  
   11.00    .53884E+02     .81019E-06  
   11.20    .45563E+02     .83095E-06  
   11.40    .38735E+02     .85706E-06  
   11.60    .33125E+02     .88940E-06  
   11.80    .28504E+02     .92867E-06  
   12.00    .24688E+02     .97529E-06  
   12.20    .21523E+02     .10294E-05  
   12.40    .18885E+02     .10907E-05  
   12.60    .16673E+02     .11586E-05  
   12.80    .14806E+02     .12324E-05  
   13.00    .13216E+02     .13109E-05  
   13.20    .11852E+02     .13930E-05  
   13.40    .10670E+02     .14776E-05  
   13.60    .96367E+01     .15633E-05  
   13.80    .87242E+01     .16493E-05  
   14.00    .79115E+01     .17345E-05  
   14.20    .71818E+01     .18181E-05  
   14.40    .65218E+01     .18996E-05  
   14.60    .59212E+01     .19783E-05  
   14.80    .53719E+01     .20539E-05  
   15.00    .48676E+01     .21260E-05  
E=650
    2.00    .91063E+06     .34032E-07  
    2.20    .61477E+06     .46973E-07  
    2.40    .42746E+06     .61423E-07  
    2.60    .30451E+06     .77260E-07  
    2.80    .22132E+06     .94369E-07  
    3.00    .16359E+06     .11265E-06  
    3.20    .12265E+06     .13199E-06  
    3.40    .93075E+05     .15231E-06  
    3.60    .71366E+05     .17352E-06  
    3.80    .55208E+05     .19554E-06  
    4.00    .43036E+05     .21827E-06  
    4.20    .33770E+05     .24165E-06  
    4.40    .26649E+05     .26559E-06  
    4.60    .21133E+05     .29001E-06  
    4.80    .16829E+05     .31483E-06  
    5.00    .13450E+05     .33996E-06  
    5.20    .10783E+05     .36531E-06  
    5.40    .86670E+04     .39078E-06  
    5.60    .69815E+04     .41628E-06  
    5.80    .56339E+04     .44171E-06  
    6.00    .45531E+04     .46695E-06  
    6.20    .36840E+04     .49189E-06  
    6.40    .29835E+04     .51640E-06  
    6.60    .24179E+04     .54036E-06  
    6.80    .19605E+04     .56364E-06  
    7.00    .15901E+04     .58609E-06  
    7.20    .12900E+04     .60758E-06  
    7.40    .10467E+04     .62798E-06  
    7.60    .84926E+03     .64715E-06  
    7.80    .68913E+03     .66499E-06  
    8.00    .55924E+03     .68139E-06  
    8.20    .45392E+03     .69631E-06  
    8.40    .36855E+03     .70973E-06  
    8.60    .29941E+03     .72172E-06  
    8.80    .24344E+03     .73243E-06  
    9.00    .19817E+03     .74213E-06  
    9.20    .16159E+03     .75122E-06  
    9.40    .13205E+03     .76028E-06  
    9.60    .10822E+03     .77005E-06  
    9.80    .88999E+02     .78147E-06  
   10.00    .73502E+02     .79565E-06  
   10.20    .61008E+02     .81381E-06  
   10.40    .50929E+02     .83723E-06  
   10.60    .42789E+02     .86715E-06  
   10.80    .36201E+02     .90464E-06  
   11.00    .30855E+02     .95047E-06  
   11.20    .26500E+02     .10050E-05  
   11.40    .22933E+02     .10682E-05  
   11.60    .19993E+02     .11395E-05  
   11.80    .17551E+02     .12180E-05  
   12.00    .15504E+02     .13023E-05  
   12.20    .13771E+02     .13911E-05  
   12.40    .12289E+02     .14827E-05  
   12.60    .11006E+02     .15758E-05  
   12.80    .98848E+01     .16690E-05  
   13.00    .88940E+01     .17612E-05  
   13.20    .80103E+01     .18512E-05  
   13.40    .72159E+01     .19385E-05  
   13.60    .64969E+01     .20223E-05  
   13.80    .58429E+01     .21023E-05  
   14.00    .52457E+01     .21780E-05  
   14.20    .46992E+01     .22491E-05  
   14.40    .41986E+01     .23156E-05  
   14.60    .37401E+01     .23771E-05  
   14.80    .33206E+01     .24335E-05  
   15.00    .29375E+01     .24846E-05  
E=700
    2.00    .77744E+06     .43657E-07  
    2.20    .52269E+06     .58867E-07  
    2.40    .36174E+06     .75704E-07  
    2.60    .25635E+06     .94026E-07  
    2.80    .18524E+06     .11370E-06  
    3.00    .13607E+06     .13461E-06  
    3.20    .10133E+06     .15663E-06  
    3.40    .76335E+05     .17966E-06  
    3.60    .58077E+05     .20360E-06  
    3.80    .44559E+05     .22834E-06  
    4.00    .34432E+05     .25379E-06  
    4.20    .26770E+05     .27984E-06  
    4.40    .20921E+05     .30638E-06  
    4.60    .16422E+05     .33333E-06  
    4.80    .12939E+05     .36056E-06  
    5.00    .10226E+05     .38795E-06  
    5.20    .81029E+04     .41540E-06  
    5.40    .64341E+04     .44276E-06  
    5.60    .51177E+04     .46991E-06  
    5.80    .40761E+04     .49669E-06  
    6.00    .32498E+04     .52295E-06  
    6.20    .25929E+04     .54854E-06  
    6.40    .20698E+04     .57328E-06  
    6.60    .16528E+04     .59701E-06  
    6.80    .13201E+04     .61956E-06  
    7.00    .10544E+04     .64075E-06  
    7.20    .84227E+03     .66045E-06  
    7.40    .67287E+03     .67852E-06  
    7.60    .53763E+03     .69488E-06  
    7.80    .42972E+03     .70952E-06  
    8.00    .34368E+03     .72249E-06  
    8.20    .27513E+03     .73399E-06  
    8.40    .22057E+03     .74435E-06  
    8.60    .17718E+03     .75409E-06  
    8.80    .14271E+03     .76398E-06  
    9.00    .11534E+03     .77499E-06  
    9.20    .93631E+02     .78837E-06  
    9.40    .76406E+02     .80556E-06  
    9.60    .62738E+02     .82812E-06  
    9.80    .51881E+02     .85765E-06  
   10.00    .43240E+02     .89556E-06  
   10.20    .36344E+02     .94293E-06  
   10.40    .30816E+02     .10004E-05  
   10.60    .26359E+02     .10679E-05  
   10.80    .22740E+02     .11448E-05  
   11.00    .19775E+02     .12299E-05  
   11.20    .17319E+02     .13217E-05  
   11.40    .15263E+02     .14182E-05  
   11.60    .13518E+02     .15177E-05  
   11.80    .12020E+02     .16183E-05  
   12.00    .10717E+02     .17184E-05  
   12.20    .95714E+01     .18166E-05  
   12.40    .85534E+01     .19120E-05  
   12.60    .76413E+01     .20036E-05  
   12.80    .68188E+01     .20908E-05  
   13.00    .60736E+01     .21731E-05  
   13.20    .53965E+01     .22502E-05  
   13.40    .47805E+01     .23219E-05  
   13.60    .42201E+01     .23877E-05  
   13.80    .37110E+01     .24476E-05  
   14.00    .32495E+01     .25013E-05  
   14.20    .28325E+01     .25486E-05  
   14.40    .24573E+01     .25891E-05  
   14.60    .21211E+01     .26225E-05  
   14.80    .18214E+01     .26484E-05  
   15.00    .15558E+01     .26666E-05  
E=750
    2.00    .66919E+06     .54153E-07  
    2.20    .44787E+06     .71723E-07  
    2.40    .30837E+06     .91031E-07  
    2.60    .21728E+06     .11191E-06  
    2.80    .15603E+06     .13422E-06  
    3.00    .11383E+06     .15781E-06  
    3.20    .84151E+05     .18255E-06  
    3.40    .62900E+05     .20831E-06  
    3.60    .47456E+05     .23497E-06  
    3.80    .36088E+05     .26241E-06  
    4.00    .27625E+05     .29051E-06  
    4.20    .21265E+05     .31913E-06  
    4.40    .16446E+05     .34814E-06  
    4.60    .12768E+05     .37741E-06  
    4.80    .99446E+04     .40679E-06  
    5.00    .77656E+04     .43613E-06  
    5.20    .60765E+04     .46526E-06  
    5.40    .47624E+04     .49400E-06  
    5.60    .37371E+04     .52218E-06  
    5.80    .29350E+04     .54958E-06  
    6.00    .23064E+04     .57602E-06  
    6.20    .18131E+04     .60128E-06  
    6.40    .14256E+04     .62515E-06  
    6.60    .11210E+04     .64744E-06  
    6.80    .88154E+03     .66796E-06  
    7.00    .69332E+03     .68658E-06  
    7.20    .54544E+03     .70323E-06  
    7.40    .42933E+03     .71793E-06  
    7.60    .33825E+03     .73083E-06  
    7.80    .26686E+03     .74227E-06  
    8.00    .21098E+03     .75282E-06  
    8.20    .16728E+03     .76333E-06  
    8.40    .13314E+03     .77496E-06  
    8.60    .10648E+03     .78919E-06  
    8.80    .85677E+02     .80777E-06  
    9.00    .69429E+02     .83264E-06  
    9.20    .56726E+02     .86572E-06  
    9.40    .46771E+02     .90870E-06  
    9.60    .38941E+02     .96277E-06  
    9.80    .32750E+02     .10285E-05  
   10.00    .27818E+02     .11055E-05  
   10.20    .23854E+02     .11927E-05  
   10.40    .20632E+02     .12884E-05  
   10.60    .17980E+02     .13904E-05  
   10.80    .15766E+02     .14964E-05  
   11.00    .13891E+02     .16042E-05  
   11.20    .12280E+02     .17117E-05  
   11.40    .10878E+02     .18172E-05  
   11.60    .96431E+01     .19195E-05  
   11.80    .85453E+01     .20173E-05  
   12.00    .75621E+01     .21101E-05  
   12.20    .66770E+01     .21972E-05  
   12.40    .58780E+01     .22781E-05  
   12.60    .51558E+01     .23527E-05  
   12.80    .45035E+01     .24205E-05  
   13.00    .39156E+01     .24813E-05  
   13.20    .33873E+01     .25348E-05  
   13.40    .29146E+01     .25807E-05  
   13.60    .24937E+01     .26186E-05  
   13.80    .21211E+01     .26480E-05  
   14.00    .17932E+01     .26685E-05  
   14.20    .15066E+01     .26796E-05  
   14.40    .12580E+01     .26807E-05  
   14.60    .10440E+01     .26715E-05  
   14.80    .86123E+00     .26520E-05  
   15.00    .70654E+00     .26223E-05  
E=800
    2.00    .57997E+06     .65467E-07  
    2.20    .38623E+06     .85479E-07  
    2.40    .26446E+06     .10733E-06  
    2.60    .18519E+06     .13083E-06  
    2.80    .13210E+06     .15582E-06  
    3.00    .95670E+05     .18212E-06  
    3.20    .70168E+05     .20959E-06  
    3.40    .52008E+05     .23808E-06  
    3.60    .38888E+05     .26744E-06  
    3.80    .29291E+05     .29751E-06  
    4.00    .22197E+05     .32815E-06  
    4.20    .16905E+05     .35919E-06  
    4.40    .12928E+05     .39045E-06  
    4.60    .99197E+04     .42178E-06  
    4.80    .76314E+04     .45295E-06  
    5.00    .58830E+04     .48378E-06  
    5.20    .45421E+04     .51405E-06  
    5.40    .35106E+04     .54351E-06  
    5.60    .27154E+04     .57192E-06  
    5.80    .21013E+04     .59904E-06  
    6.00    .16264E+04     .62461E-06  
    6.20    .12590E+04     .64840E-06  
    6.40    .97469E+03     .67017E-06  
    6.60    .75468E+03     .68979E-06  
    6.80    .58454E+03     .70716E-06  
    7.00    .45306E+03     .72234E-06  
    7.20    .35157E+03     .73557E-06  
    7.40    .27331E+03     .74734E-06  
    7.60    .21305E+03     .75846E-06  
    7.80    .16669E+03     .77012E-06  
    8.00    .13107E+03     .78392E-06  
    8.20    .10371E+03     .80185E-06  
    8.40    .82688E+02     .82619E-06  
    8.60    .66523E+02     .85929E-06  
    8.80    .54062E+02     .90327E-06  
    9.00    .44420E+02     .95972E-06  
    9.20    .36915E+02     .10294E-05  
    9.40    .31026E+02     .11118E-05  
    9.60    .26357E+02     .12058E-05  
    9.80    .22608E+02     .13092E-05  
   10.00    .19553E+02     .14193E-05  
   10.20    .17023E+02     .15332E-05  
   10.40    .14893E+02     .16484E-05  
   10.60    .13072E+02     .17625E-05  
   10.80    .11493E+02     .18736E-05  
   11.00    .10106E+02     .19803E-05  
   11.20    .88770E+01     .20815E-05  
   11.40    .77802E+01     .21764E-05  
   11.60    .67974E+01     .22645E-05  
   11.80    .59153E+01     .23453E-05  
   12.00    .51239E+01     .24185E-05  
   12.20    .44152E+01     .24837E-05  
   12.40    .37829E+01     .25406E-05  
   12.60    .32214E+01     .25888E-05  
   12.80    .27256E+01     .26278E-05  
   13.00    .22906E+01     .26571E-05  
   13.20    .19117E+01     .26761E-05  
   13.40    .15843E+01     .26841E-05  
   13.60    .13037E+01     .26806E-05  
   13.80    .10654E+01     .26653E-05  
   14.00    .86502E+00     .26383E-05  
   14.20    .69816E+00     .26003E-05  
   14.40    .56075E+00     .25535E-05  
   14.60    .44892E+00     .25018E-05  
   14.80    .35904E+00     .24520E-05  
   15.00    .28777E+00     .24144E-05  
E=850
    2.00    .50557E+06     .77549E-07  
    2.20    .33488E+06     .10007E-06  
    2.40    .22792E+06     .12453E-06  
    2.60    .15856E+06     .15070E-06  
    2.80    .11229E+06     .17840E-06  
    3.00    .80688E+05     .20744E-06  
    3.20    .58684E+05     .23763E-06  
    3.40    .43106E+05     .26881E-06  
    3.60    .31924E+05     .30079E-06  
    3.80    .23802E+05     .33339E-06  
    4.00    .17844E+05     .36641E-06  
    4.20    .13436E+05     .39965E-06  
    4.40    .10153E+05     .43289E-06  
    4.60    .76932E+04     .46588E-06  
    4.80    .58413E+04     .49839E-06  
    5.00    .44417E+04     .53013E-06  
    5.20    .33810E+04     .56083E-06  
    5.40    .25752E+04     .59018E-06  
    5.60    .19621E+04     .61789E-06  
    5.80    .14952E+04     .64366E-06  
    6.00    .11395E+04     .66722E-06  
    6.20    .86854E+03     .68837E-06  
    6.40    .66225E+03     .70700E-06  
    6.60    .50534E+03     .72316E-06  
    6.80    .38611E+03     .73714E-06  
    7.00    .29565E+03     .74953E-06  
    7.20    .22709E+03     .76136E-06  
    7.40    .17522E+03     .77413E-06  
    7.60    .13599E+03     .78986E-06  
    7.80    .10635E+03     .81106E-06  
    8.00    .83930E+02     .84050E-06  
    8.20    .66951E+02     .88094E-06  
    8.40    .54046E+02     .93465E-06  
    8.60    .44185E+02     .10030E-05  
    8.80    .36587E+02     .10861E-05  
    9.00    .30671E+02     .11828E-05  
    9.20    .26001E+02     .12907E-05  
    9.40    .22255E+02     .14068E-05  
    9.60    .19197E+02     .15277E-05  
    9.80    .16653E+02     .16502E-05  
   10.00    .14499E+02     .17714E-05  
   10.20    .12646E+02     .18892E-05  
   10.40    .11030E+02     .20018E-05  
   10.60    .96068E+01     .21080E-05  
   10.80    .83442E+01     .22070E-05  
   11.00    .72198E+01     .22980E-05  
   11.20    .62173E+01     .23807E-05  
   11.40    .53245E+01     .24546E-05  
   11.60    .45320E+01     .25193E-05  
   11.80    .38317E+01     .25744E-05  
   12.00    .32166E+01     .26193E-05  
   12.20    .26800E+01     .26533E-05  
   12.40    .22157E+01     .26759E-05  
   12.60    .18174E+01     .26862E-05  
   12.80    .14788E+01     .26837E-05  
   13.00    .11939E+01     .26678E-05  
   13.20    .95683E+00     .26387E-05  
   13.40    .76175E+00     .25973E-05  
   13.60    .60322E+00     .25462E-05  
   13.80    .47610E+00     .24908E-05  
   14.00    .37562E+00     .24398E-05  
   14.20    .29743E+00     .24071E-05  
   14.40    .23759E+00     .24109E-05  
   14.60    .19263E+00     .24727E-05  
   14.80    .15948E+00     .26110E-05  
   15.00    .13553E+00     .28348E-05  
E=900 
    2.00    .44287E+06     .90353E-07  
    2.20    .29167E+06     .11545E-06  
    2.40    .19724E+06     .14256E-06  
    2.60    .13625E+06     .17143E-06  
    2.80    .95749E+05     .20186E-06  
    3.00    .68234E+05     .23363E-06  
    3.20    .49184E+05     .26652E-06  
    3.40    .35784E+05     .30033E-06  
    3.60    .26232E+05     .33484E-06  
    3.80    .19348E+05     .36980E-06  
    4.00    .14339E+05     .40499E-06  
    4.20    .10667E+05     .44014E-06  
    4.40    .79590E+04     .47496E-06  
    4.60    .59509E+04     .50915E-06  
    4.80    .44561E+04     .54239E-06  
    5.00    .33399E+04     .57433E-06  
    5.20    .25048E+04     .60461E-06  
    5.40    .18789E+04     .63289E-06  
    5.60    .14096E+04     .65883E-06  
    5.80    .10577E+04     .68215E-06  
    6.00    .79381E+03     .70268E-06  
    6.20    .59620E+03     .72041E-06  
    6.40    .44837E+03     .73560E-06  
    6.60    .33795E+03     .74890E-06  
    6.80    .25559E+03     .76144E-06  
    7.00    .19425E+03     .77495E-06  
    7.20    .14861E+03     .79184E-06  
    7.40    .11467E+03     .81506E-06  
    7.60    .89415E+02     .84794E-06  
    7.80    .70578E+02     .89365E-06  
    8.00    .56470E+02     .95471E-06  
    8.20    .45831E+02     .10324E-05  
    8.40    .37727E+02     .11262E-05  
    8.60    .31472E+02     .12343E-05  
    8.80    .26564E+02     .13535E-05  
    9.00    .22639E+02     .14798E-05  
    9.20    .19436E+02     .16093E-05  
    9.40    .16767E+02     .17384E-05  
    9.60    .14503E+02     .18644E-05  
    9.80    .12550E+02     .19849E-05  
   10.00    .10846E+02     .20985E-05  
   10.20    .93460E+01     .22040E-05  
   10.40    .80195E+01     .23007E-05  
   10.60    .68449E+01     .23880E-05  
   10.80    .58062E+01     .24654E-05  
   11.00    .48909E+01     .25324E-05  
   11.20    .40889E+01     .25885E-05  
   11.40    .33908E+01     .26330E-05  
   11.60    .27881E+01     .26651E-05  
   11.80    .22725E+01     .26841E-05  
   12.00    .18359E+01     .26890E-05  
   12.20    .14700E+01     .26791E-05  
   12.40    .11670E+01     .26543E-05  
   12.60    .91920E+00     .26151E-05  
   12.80    .71928E+00     .25638E-05  
   13.00    .56032E+00     .25054E-05  
   13.20    .43589E+00     .24492E-05  
   13.40    .34015E+00     .24102E-05  
   13.60    .26784E+00     .24095E-05  
   13.80    .21432E+00     .24721E-05  
   14.00    .17554E+00     .26205E-05  
   14.20    .14807E+00     .28646E-05  
   14.40    .12901E+00     .31941E-05  
   14.60    .11600E+00     .35788E-05  
   14.80    .10714E+00     .39795E-05  
   15.00    .10094E+00     .43611E-05  
E=950 
    2.00    .38958E+06     .10383E-06  
    2.20    .25500E+06     .13155E-06  
    2.40    .17127E+06     .16135E-06  
    2.60    .11743E+06     .19296E-06  
    2.80    .81849E+05     .22612E-06  
    3.00    .57816E+05     .26059E-06  
    3.20    .41281E+05     .29613E-06  
    3.40    .29731E+05     .33247E-06  
    3.60    .21560E+05     .36934E-06  
    3.80    .15720E+05     .40647E-06  
    4.00    .11510E+05     .44354E-06  
    4.20    .84540E+04     .48022E-06  
    4.40    .62234E+04     .51614E-06  
    4.60    .45884E+04     .55093E-06  
    4.80    .33861E+04     .58418E-06  
    5.00    .25001E+04     .61547E-06  
    5.20    .18464E+04     .64439E-06  
    5.40    .13637E+04     .67056E-06  
    5.60    .10074E+04     .69372E-06  
    5.80    .74462E+03     .71374E-06  
    6.00    .55099E+03     .73078E-06  
    6.20    .40856E+03     .74540E-06  
    6.40    .30395E+03     .75872E-06  
    6.60    .22726E+03     .77258E-06  
    6.80    .17110E+03     .78959E-06  
    7.00    .13000E+03     .81314E-06  
    7.20    .99913E+02     .84707E-06  
    7.40    .77830E+02     .89516E-06  
    7.60    .61548E+02     .96035E-06  
    7.80    .49450E+02     .10440E-05  
    8.00    .40357E+02     .11456E-05  
    8.20    .33419E+02     .12624E-05  
    8.40    .28023E+02     .13906E-05  
    8.60    .23735E+02     .15255E-05  
    8.80    .20248E+02     .16625E-05  
    9.00    .17350E+02     .17978E-05  
    9.20    .14894E+02     .19283E-05  
    9.40    .12779E+02     .20519E-05  
    9.60    .10937E+02     .21669E-05  
    9.80    .93220E+01     .22724E-05  
   10.00    .79016E+01     .23676E-05  
   10.20    .66533E+01     .24519E-05  
   10.40    .55599E+01     .25247E-05  
   10.60    .46078E+01     .25854E-05  
   10.80    .37847E+01     .26333E-05  
   11.00    .30795E+01     .26675E-05  
   11.20    .24813E+01     .26869E-05  
   11.40    .19796E+01     .26907E-05  
   11.60    .15638E+01     .26779E-05  
   11.80    .12238E+01     .26485E-05  
   12.00    .94959E+00     .26034E-05  
   12.20    .73184E+00     .25460E-05  
   12.40    .56177E+00     .24837E-05  
   12.60    .43131E+00     .24295E-05  
   12.80    .33319E+00     .24041E-05  
   13.00    .26095E+00     .24350E-05  
   13.20    .20900E+00     .25513E-05  
   13.40    .17254E+00     .27724E-05  
   13.60    .14757E+00     .30952E-05  
   13.80    .13080E+00     .34909E-05  
   14.00    .11964E+00     .39146E-05  
   14.20    .11204E+00     .43232E-05  
   14.40    .10648E+00     .46873E-05  
   14.60    .10187E+00     .49941E-05  
   14.80    .97470E-01     .52423E-05  
   15.00    .92818E-01     .54368E-05  
E=1000 
    2.00    .34392E+06     .11795E-06  
    2.20    .22365E+06     .14834E-06  
    2.40    .14913E+06     .18085E-06  
    2.60    .10144E+06     .21519E-06  
    2.80    .70097E+05     .25107E-06  
    3.00    .49055E+05     .28821E-06  
    3.20    .34677E+05     .32630E-06  
    3.40    .24708E+05     .36503E-06  
    3.60    .17714E+05     .40409E-06  
    3.80    .12760E+05     .44310E-06  
    4.00    .92237E+04     .48169E-06  
    4.20    .66840E+04     .51943E-06  
    4.40    .48515E+04     .55588E-06  
    4.60    .35249E+04     .59055E-06  
    4.80    .25622E+04     .62298E-06  
    5.00    .18629E+04     .65267E-06  
    5.20    .13546E+04     .67924E-06  
    5.40    .98526E+03     .70239E-06  
    5.60    .71722E+03     .72211E-06  
    5.80    .52297E+03     .73875E-06  
    6.00    .38245E+03     .75325E-06  
    6.20    .28098E+03     .76732E-06  
    6.40    .20783E+03     .78364E-06  
    6.60    .15515E+03     .80582E-06  
    6.80    .11721E+03     .83821E-06  
    7.00    .89826E+02     .88529E-06  
    7.20    .69977E+02     .95077E-06  
    7.40    .55472E+02     .10366E-05  
    7.60    .44745E+02     .11424E-05  
    7.80    .36679E+02     .12653E-05  
    8.00    .30487E+02     .14006E-05  
    8.20    .25617E+02     .15430E-05  
    8.40    .21690E+02     .16873E-05  
    8.60    .18446E+02     .18290E-05  
    8.80    .15709E+02     .19648E-05  
    9.00    .13363E+02     .20924E-05  
    9.20    .11328E+02     .22101E-05  
    9.40    .95541E+01     .23168E-05  
    9.60    .80043E+01     .24119E-05  
    9.80    .66533E+01     .24945E-05  
   10.00    .54817E+01     .25641E-05  
   10.20    .44732E+01     .26198E-05  
   10.40    .36130E+01     .26606E-05  
   10.60    .28871E+01     .26854E-05  
   10.80    .22820E+01     .26931E-05  
   11.00    .17840E+01     .26827E-05  
   11.20    .13801E+01     .26537E-05  
   11.40    .10575E+01     .26072E-05  
   11.60    .80410E+00     .25469E-05  
   11.80    .60874E+00     .24811E-05  
   12.00    .46108E+00     .24255E-05  
   12.20    .35190E+00     .24049E-05  
   12.40    .27309E+00     .24520E-05  
   12.60    .21766E+00     .25996E-05  
   12.80    .17972E+00     .28653E-05  
   13.00    .15443E+00     .32365E-05  
   13.20    .13789E+00     .36712E-05  
   13.40    .12705E+00     .41159E-05  
   13.60    .11961E+00     .45262E-05  
   13.80    .11391E+00     .48777E-05  
   14.00    .10880E+00     .51636E-05  
   14.20    .10356E+00     .53873E-05  
   14.40    .97803E-01     .55567E-05  
   14.60    .91374E-01     .56800E-05  
   14.80    .84294E-01     .57643E-05  
   15.00    .76695E-01     .58149E-05  
E=1050 
    2.00    .30453E+06     .13266E-06  
    2.20    .19668E+06     .16575E-06  
    2.40    .13015E+06     .20099E-06  
    2.60    .87787E+05     .23806E-06  
    2.80    .60114E+05     .27663E-06  
    3.00    .41657E+05     .31635E-06  
    3.20    .29137E+05     .35688E-06  
    3.40    .20527E+05     .39783E-06  
    3.60    .14541E+05     .43881E-06  
    3.80    .10341E+05     .47937E-06  
    4.00    .73755E+04     .51903E-06  
    4.20    .52697E+04     .55728E-06  
    4.40    .37692E+04     .59355E-06  
    4.60    .26973E+04     .62731E-06  
    4.80    .19306E+04     .65800E-06  
    5.00    .13820E+04     .68517E-06  
    5.20    .98977E+03     .70856E-06  
    5.40    .70963E+03     .72823E-06  
    5.60    .50992E+03     .74477E-06  
    5.80    .36782E+03     .75957E-06  
    6.00    .26692E+03     .77502E-06  
    6.20    .19539E+03     .79472E-06  
    6.40    .14470E+03     .82330E-06  
    6.60    .10875E+03     .86599E-06  
    6.80    .83150E+02     .92756E-06  
    7.00    .64789E+02     .10111E-05  
    7.20    .51464E+02     .11170E-05  
    7.40    .41630E+02     .12426E-05  
    7.60    .34210E+02     .13831E-05  
    7.80    .28464E+02     .15321E-05  
    8.00    .23892E+02     .16837E-05  
    8.20    .20153E+02     .18326E-05  
    8.40    .17026E+02     .19750E-05  
    8.60    .14363E+02     .21081E-05  
    8.80    .12069E+02     .22301E-05  
    9.00    .10081E+02     .23400E-05  
    9.20    .83563E+01     .24368E-05  
    9.40    .68650E+01     .25197E-05  
    9.60    .55837E+01     .25879E-05  
    9.80    .44924E+01     .26404E-05  
   10.00    .35731E+01     .26760E-05  
   10.20    .28081E+01     .26934E-05  
   10.40    .21804E+01     .26912E-05  
   10.60    .16730E+01     .26688E-05  
   10.80    .12696E+01     .26263E-05  
   11.00    .95453E+00     .25667E-05  
   11.20    .71331E+00     .24978E-05  
   11.40    .53253E+00     .24351E-05  
   11.60    .40022E+00     .24050E-05  
   11.80    .30587E+00     .24440E-05  
   12.00    .24047E+00     .25909E-05  
   12.20    .19648E+00     .28676E-05  
   12.40    .16773E+00     .32604E-05  
   12.60    .14932E+00     .37204E-05  
   12.80    .13747E+00     .41856E-05  
   13.00    .12939E+00     .46076E-05  
   13.20    .12308E+00     .49618E-05  
   13.40    .11724E+00     .52436E-05  
   13.60    .11106E+00     .54592E-05  
   13.80    .10418E+00     .56179E-05  
   14.00    .96469E-01     .57290E-05  
   14.20    .88039E-01     .57998E-05  
   14.40    .79097E-01     .58356E-05  
   14.60    .69911E-01     .58395E-05  
   14.80    .60764E-01     .58132E-05  
   15.00    .51919E-01     .57570E-05  
E=1100 
    2.00    .27035E+06     .14793E-06  
    2.20    .17334E+06     .18374E-06  
    2.40    .11379E+06     .22172E-06  
    2.60    .76078E+05     .26150E-06  
    2.80    .51600E+05     .30270E-06  
    3.00    .35389E+05     .34491E-06  
    3.20    .24479E+05     .38771E-06  
    3.40    .17042E+05     .43066E-06  
    3.60    .11920E+05     .47325E-06  
    3.80    .83650E+04     .51494E-06  
    4.00    .58825E+04     .55515E-06  
    4.20    .41417E+04     .59323E-06  
    4.40    .29178E+04     .62856E-06  
    4.60    .20559E+04     .66052E-06  
    4.80    .14489E+04     .68859E-06  
    5.00    .10217E+04     .71251E-06  
    5.20    .72143E+03     .73241E-06  
    5.40    .51082E+03     .74915E-06  
    5.60    .36343E+03     .76456E-06  
    5.80    .26050E+03     .78178E-06  
    6.00    .18871E+03     .80537E-06  
    6.20    .13865E+03     .84099E-06  
    6.40    .10366E+03     .89457E-06  
    6.60    .79053E+02     .97083E-06  
    6.80    .61575E+02     .10718E-05  
    7.00    .48958E+02     .11960E-05  
    7.20    .39648E+02     .13386E-05  
    7.40    .32590E+02     .14928E-05  
    7.60    .27076E+02     .16515E-05  
    7.80    .22638E+02     .18085E-05  
    8.00    .18972E+02     .19589E-05  
    8.20    .15880E+02     .20995E-05  
    8.40    .13238E+02     .22281E-05  
    8.60    .10964E+02     .23433E-05  
    8.80    .90053E+01     .24442E-05  
    9.00    .73236E+01     .25297E-05  
    9.20    .58903E+01     .25990E-05  
    9.40    .46809E+01     .26508E-05  
    9.60    .36727E+01     .26838E-05  
    9.80    .28440E+01     .26964E-05  
   10.00    .21732E+01     .26873E-05  
   10.20    .16396E+01     .26557E-05  
   10.40    .12228E+01     .26030E-05  
   10.60    .90398E+00     .25345E-05  
   10.80    .66541E+00     .24629E-05  
   11.00    .49128E+00     .24120E-05  
   11.20    .36761E+00     .24192E-05  
   11.40    .28239E+00     .25298E-05  
   11.60    .22553E+00     .27783E-05  
   11.80    .18881E+00     .31629E-05  
   12.00    .16570E+00     .36361E-05  
   12.20    .15119E+00     .41273E-05  
   12.40    .14159E+00     .45770E-05  
   12.60    .13430E+00     .49536E-05  
   12.80    .12762E+00     .52507E-05  
   13.00    .12056E+00     .54749E-05  
   13.20    .11263E+00     .56371E-05  
   13.40    .10374E+00     .57478E-05  
   13.60    .94004E-01     .58151E-05  
   13.80    .83720E-01     .58447E-05  
   14.00    .73227E-01     .58399E-05  
   14.20    .62873E-01     .58020E-05  
   14.40    .52975E-01     .57311E-05  
   14.60    .43789E-01     .56261E-05  
   14.80    .35503E-01     .54856E-05  
   15.00    .28234E-01     .53084E-05  
E=1150 
    2.00    .24054E+06     .16372E-06  
    2.20    .15305E+06     .20226E-06  
    2.40    .99623E+05     .24297E-06  
    2.60    .65996E+05     .28542E-06  
    2.80    .44314E+05     .32917E-06  
    3.00    .30064E+05     .37374E-06  
    3.20    .20555E+05     .41863E-06  
    3.40    .14133E+05     .46329E-06  
    3.60    .97555E+04     .50712E-06  
    3.80    .67509E+04     .54945E-06  
    4.00    .46785E+04     .58958E-06  
    4.20    .32445E+04     .62677E-06  
    4.40    .22506E+04     .66031E-06  
    4.60    .15615E+04     .68963E-06  
    4.80    .10840E+04     .71441E-06  
    5.00    .75376E+03     .73486E-06  
    5.20    .52581E+03     .75203E-06  
    5.40    .36888E+03     .76822E-06  
    5.60    .26106E+03     .78731E-06  
    5.80    .18708E+03     .81483E-06  
    6.00    .13630E+03     .85744E-06  
    6.20    .10131E+03     .92164E-06  
    6.40    .77006E+02     .10119E-05  
    6.60    .59895E+02     .11289E-05  
    6.80    .47599E+02     .12691E-05  
    7.00    .38522E+02     .14257E-05  
    7.20    .31606E+02     .15906E-05  
    7.40    .26160E+02     .17561E-05  
    7.60    .21740E+02     .19161E-05  
    7.80    .18064E+02     .20663E-05  
    8.00    .14953E+02     .22038E-05  
    8.20    .12297E+02     .23270E-05  
    8.40    .10024E+02     .24346E-05  
    8.60    .80855E+01     .25256E-05  
    8.80    .64437E+01     .25989E-05  
    9.00    .50685E+01     .26531E-05  
    9.20    .39317E+01     .26868E-05  
    9.40    .30062E+01     .26980E-05  
    9.60    .22657E+01     .26853E-05  
    9.80    .16841E+01     .26482E-05  
   10.00    .12367E+01     .25887E-05  
   10.20    .90031E+00     .25144E-05  
   10.40    .65362E+00     .24428E-05  
   10.60    .47769E+00     .24059E-05  
   10.80    .35604E+00     .24509E-05  
   11.00    .27473E+00     .26278E-05  
   11.20    .22230E+00     .29605E-05  
   11.40    .18960E+00     .34208E-05  
   11.60    .16956E+00     .39358E-05  
   11.80    .15694E+00     .44284E-05  
   12.00    .14804E+00     .48500E-05  
   12.20    .14040E+00     .51845E-05  
   12.40    .13257E+00     .54365E-05  
   12.60    .12379E+00     .56180E-05  
   12.80    .11386E+00     .57412E-05  
   13.00    .10291E+00     .58160E-05  
   13.20    .91280E-01     .58489E-05  
   13.40    .79383E-01     .58441E-05  
   13.60    .67653E-01     .58031E-05  
   13.80    .56479E-01     .57258E-05  
   14.00    .46174E-01     .56112E-05  
   14.20    .36960E-01     .54574E-05  
   14.40    .28967E-01     .52634E-05  
   14.60    .22241E-01     .50312E-05  
   14.80    .16755E-01     .47700E-05  
   15.00    .12425E-01     .45037E-05  
E=1200 
    2.00    .21441E+06     .18000E-06  
    2.20    .13534E+06     .22127E-06  
    2.40    .87319E+05     .26469E-06  
    2.60    .57287E+05     .30976E-06  
    2.80    .38064E+05     .35595E-06  
    3.00    .25533E+05     .40272E-06  
    3.20    .17245E+05     .44945E-06  
    3.40    .11704E+05     .49550E-06  
    3.60    .79680E+04     .54011E-06  
    3.80    .54346E+04     .58251E-06  
    4.00    .37099E+04     .62186E-06  
    4.20    .25333E+04     .65736E-06  
    4.40    .17303E+04     .68832E-06  
    4.60    .11825E+04     .71435E-06  
    4.80    .80955E+03     .73567E-06  
    5.00    .55621E+03     .75349E-06  
    5.20    .38457E+03     .77049E-06  
    5.40    .26856E+03     .79125E-06  
    5.60    .19024E+03     .82226E-06  
    5.80    .13731E+03     .87117E-06  
    6.00    .10136E+03     .94499E-06  
    6.20    .76696E+02     .10478E-05  
    6.40    .59485E+02     .11789E-05  
    6.60    .47174E+02     .13329E-05  
    6.80    .38086E+02     .15012E-05  
    7.00    .31135E+02     .16745E-05  
    7.20    .25630E+02     .18449E-05  
    7.40    .21137E+02     .20066E-05  
    7.60    .17388E+02     .21556E-05  
    7.80    .14218E+02     .22896E-05  
    8.00    .11523E+02     .24070E-05  
    8.20    .92369E+01     .25066E-05  
    8.40    .73108E+01     .25873E-05  
    8.60    .57057E+01     .26475E-05  
    8.80    .43867E+01     .26855E-05  
    9.00    .33203E+01     .26993E-05  
    9.20    .24739E+01     .26872E-05  
    9.40    .18157E+01     .26485E-05  
    9.60    .13152E+01     .25856E-05  
    9.80    .94401E+00     .25074E-05  
   10.00    .67611E+00     .24349E-05  
   10.20    .48863E+00     .24069E-05  
   10.40    .36183E+00     .24787E-05  
   10.60    .27923E+00     .27038E-05  
   10.80    .22747E+00     .30962E-05  
   11.00    .19610E+00     .36059E-05  
   11.20    .17722E+00     .41433E-05  
   11.40    .16515E+00     .46305E-05  
   11.60    .15603E+00     .50290E-05  
   11.80    .14744E+00     .53331E-05  
   12.00    .13807E+00     .55538E-05  
   12.20    .12739E+00     .57055E-05  
   12.40    .11542E+00     .58005E-05  
   12.60    .10249E+00     .58479E-05  
   12.80    .89101E-01     .58530E-05  
   13.00    .75783E-01     .58184E-05  
   13.20    .63030E-01     .57444E-05  
   13.40    .51244E-01     .56299E-05  
   13.60    .40716E-01     .54729E-05  
   13.80    .31616E-01     .52722E-05  
   14.00    .24006E-01     .50298E-05  
   14.20    .17854E-01     .47560E-05  
   14.40    .13058E-01     .44791E-05  
   14.60    .94653E-02     .42606E-05  
   14.80    .68937E-02     .42114E-05  
   15.00    .51515E-02     .44848E-05  
E=1250
   2.00   0.19270E+06   0.19420E-06
   2.20   0.12043E+06   0.23804E-06
   2.40   0.76853E+05   0.28413E-06
   2.60   0.49821E+05   0.33194E-06
   2.80   0.32676E+05   0.38091E-06
   3.00   0.21614E+05   0.43039E-06
   3.20   0.14381E+05   0.47970E-06
   3.40   0.96062E+04   0.52805E-06
   3.60   0.64312E+04   0.57454E-06
   3.80   0.43105E+04   0.61821E-06
   4.00   0.28904E+04   0.65806E-06
   4.20   0.19387E+04   0.69315E-06
   4.40   0.13013E+04   0.72280E-06
   4.60   0.87523E+03   0.74688E-06
   4.80   0.59113E+03   0.76634E-06
   5.00   0.40222E+03   0.78376E-06
   5.20   0.27689E+03   0.80396E-06
   5.40   0.19380E+03   0.83402E-06
   5.60   0.13858E+03   0.88244E-06
   5.80   0.10163E+03   0.95694E-06
   6.00   0.76571E+02   0.10617E-05
   6.20   0.59197E+02   0.11958E-05
   6.40   0.46784E+02   0.13530E-05
   6.60   0.37587E+02   0.15244E-05
   6.80   0.30507E+02   0.17011E-05
   7.00   0.24862E+02   0.18754E-05
   7.20   0.20238E+02   0.20420E-05
   7.40   0.16383E+02   0.21973E-05
   7.60   0.13146E+02   0.23392E-05
   7.80   0.10426E+02   0.24657E-05
   8.00   0.81579E+01   0.25755E-05
   8.20   0.62869E+01   0.26667E-05
   8.40   0.47665E+01   0.27369E-05
   8.60   0.35528E+01   0.27834E-05
   8.80   0.26032E+01   0.28032E-05
   9.00   0.18767E+01   0.27937E-05
   9.20   0.13346E+01   0.27547E-05
   9.40   0.94097E+00   0.26921E-05
   9.60   0.66386E+00   0.26246E-05
   9.80   0.47534E+00   0.25906E-05
  10.00   0.35187E+00   0.26474E-05
  10.20   0.27427E+00   0.28486E-05
  10.40   0.22738E+00   0.32029E-05
  10.60   0.19971E+00   0.36572E-05
  10.80   0.18292E+00   0.41315E-05
  11.00   0.17132E+00   0.45649E-05
  11.20   0.16127E+00   0.49309E-05
  11.40   0.15074E+00   0.52276E-05
  11.60   0.13884E+00   0.54630E-05
  11.80   0.12547E+00   0.56471E-05
  12.00   0.11096E+00   0.57880E-05
  12.20   0.95903E-01   0.58909E-05
  12.40   0.80947E-01   0.59587E-05
  12.60   0.66686E-01   0.59920E-05
  12.80   0.53601E-01   0.59895E-05
  13.00   0.42028E-01   0.59485E-05
  13.20   0.32151E-01   0.58660E-05
  13.40   0.24018E-01   0.57404E-05
  13.60   0.17563E-01   0.55754E-05
  13.80   0.12639E-01   0.53889E-05
  14.00   0.90444E-02   0.52267E-05
  14.20   0.65503E-02   0.51787E-05
  14.40   0.49237E-02   0.53701E-05
  14.60   0.39444E-02   0.58912E-05
  14.80   0.34169E-02   0.66889E-05
  15.00   0.31773E-02   0.75707E-05
E=1300
   2.00   0.17228E+06   0.21114E-06
   2.20   0.10673E+06   0.25774E-06
   2.40   0.67452E+05   0.30652E-06
   2.60   0.43264E+05   0.35689E-06
   2.80   0.28050E+05   0.40816E-06
   3.00   0.18325E+05   0.45959E-06
   3.20   0.12031E+05   0.51033E-06
   3.40   0.79237E+04   0.55945E-06
   3.60   0.52268E+04   0.60588E-06
   3.80   0.34500E+04   0.64850E-06
   4.00   0.22779E+04   0.68623E-06
   4.20   0.15049E+04   0.71820E-06
   4.40   0.99612E+03   0.74413E-06
   4.60   0.66206E+03   0.76485E-06
   4.80   0.44339E+03   0.78302E-06
   5.00   0.30060E+03   0.80381E-06
   5.20   0.20745E+03   0.83509E-06
   5.40   0.14653E+03   0.88636E-06
   5.60   0.10638E+03   0.96617E-06
   5.80   0.79508E+02   0.10788E-05
   6.00   0.61077E+02   0.12225E-05
   6.20   0.48002E+02   0.13896E-05
   6.40   0.38347E+02   0.15699E-05
   6.60   0.30920E+02   0.17536E-05
   6.80   0.24999E+02   0.19329E-05
   7.00   0.20152E+02   0.21024E-05
   7.20   0.16126E+02   0.22587E-05
   7.40   0.12765E+02   0.23995E-05
   7.60   0.99680E+01   0.25231E-05
   7.80   0.76638E+01   0.26276E-05
   8.00   0.57923E+01   0.27107E-05
   8.20   0.42992E+01   0.27696E-05
   8.40   0.31323E+01   0.28009E-05
   8.60   0.22414E+01   0.28013E-05
   8.80   0.15786E+01   0.27694E-05
   9.00   0.10995E+01   0.27094E-05
   9.20   0.76423E+00   0.26377E-05
   9.40   0.53787E+00   0.25925E-05
   9.60   0.39111E+00   0.26351E-05
   9.80   0.30006E+00   0.28284E-05
  10.00   0.24596E+00   0.31887E-05
  10.20   0.21466E+00   0.36602E-05
  10.40   0.19605E+00   0.41534E-05
  10.60   0.18325E+00   0.46005E-05
  10.80   0.17203E+00   0.49740E-05
  11.00   0.16009E+00   0.52732E-05
  11.20   0.14649E+00   0.55078E-05
  11.40   0.13123E+00   0.56887E-05
  11.60   0.11480E+00   0.58244E-05
  11.80   0.97941E-01   0.59202E-05
  12.00   0.81426E-01   0.59784E-05
  12.20   0.65934E-01   0.59990E-05
  12.40   0.51982E-01   0.59798E-05
  12.60   0.39898E-01   0.59175E-05
  12.80   0.29828E-01   0.58091E-05
  13.00   0.21757E-01   0.56552E-05
  13.20   0.15550E-01   0.54668E-05
  13.40   0.10987E-01   0.52802E-05
  13.60   0.78024E-02   0.51759E-05
  13.80   0.57129E-02   0.52854E-05
  14.00   0.44467E-02   0.57341E-05
  14.20   0.37586E-02   0.65129E-05
  14.40   0.34416E-02   0.74314E-05
  14.60   0.33315E-02   0.82657E-05
  14.80   0.33068E-02   0.89044E-05
  15.00   0.32851E-02   0.93450E-05
E=1350
   2.00   0.15420E+06   0.22847E-06
   2.20   0.94655E+05   0.27781E-06
   2.40   0.59220E+05   0.32923E-06
   2.60   0.37567E+05   0.38204E-06
   2.80   0.24066E+05   0.43544E-06
   3.00   0.15520E+05   0.48855E-06
   3.20   0.10050E+05   0.54036E-06
   3.40   0.65230E+04   0.58974E-06
   3.60   0.42380E+04   0.63546E-06
   3.80   0.27545E+04   0.67627E-06
   4.00   0.17911E+04   0.71111E-06
   4.20   0.11665E+04   0.73945E-06
   4.40   0.76267E+03   0.76186E-06
   4.60   0.50235E+03   0.78087E-06
   4.80   0.33503E+03   0.80182E-06
   5.00   0.22762E+03   0.83316E-06
   5.20   0.15850E+03   0.88542E-06
   5.40   0.11367E+03   0.96823E-06
   5.60   0.84107E+02   0.10864E-05
   5.80   0.64084E+02   0.12377E-05
   6.00   0.50014E+02   0.14132E-05
   6.20   0.39687E+02   0.16016E-05
   6.40   0.31770E+02   0.17920E-05
   6.60   0.25473E+02   0.19763E-05
   6.80   0.20334E+02   0.21489E-05
   7.00   0.16085E+02   0.23066E-05
   7.20   0.12563E+02   0.24470E-05
   7.40   0.96623E+01   0.25681E-05
   7.60   0.73026E+01   0.26677E-05
   7.80   0.54154E+01   0.27430E-05
   8.00   0.39371E+01   0.27904E-05
   8.20   0.28061E+01   0.28063E-05
   8.40   0.19635E+01   0.27876E-05
   8.60   0.13541E+01   0.27357E-05
   8.80   0.92769E+00   0.26625E-05
   9.00   0.64028E+00   0.26009E-05
   9.20   0.45452E+00   0.26122E-05
   9.40   0.33991E+00   0.27704E-05
   9.60   0.27247E+00   0.31111E-05
   9.80   0.23416E+00   0.35876E-05
  10.00   0.21203E+00   0.41018E-05
  10.20   0.19740E+00   0.45727E-05
  10.40   0.18489E+00   0.49653E-05
  10.60   0.17162E+00   0.52774E-05
  10.80   0.15645E+00   0.55198E-05
  11.00   0.13938E+00   0.57047E-05
  11.20   0.12101E+00   0.58413E-05
  11.40   0.10226E+00   0.59352E-05
  11.60   0.84029E-01   0.59888E-05
  11.80   0.67109E-01   0.60014E-05
  12.00   0.52073E-01   0.59704E-05
  12.20   0.39258E-01   0.58920E-05
  12.40   0.28779E-01   0.57634E-05
  12.60   0.20570E-01   0.55880E-05
  12.80   0.14426E-01   0.53864E-05
  13.00   0.10056E-01   0.52165E-05
  13.20   0.71290E-02   0.51953E-05
  13.40   0.53092E-02   0.54799E-05
  13.60   0.42849E-02   0.61502E-05
  13.80   0.37865E-02   0.70758E-05
  14.00   0.35957E-02   0.79963E-05
  14.20   0.35480E-02   0.87325E-05
  14.40   0.35296E-02   0.92477E-05
  14.60   0.34708E-02   0.95798E-05
  14.80   0.33373E-02   0.97784E-05
  15.00   0.31217E-02   0.98822E-05
E=1400
   2.00   0.13814E+06   0.24616E-06
   2.20   0.83993E+05   0.29821E-06
   2.40   0.52000E+05   0.35220E-06
   2.60   0.32610E+05   0.40732E-06
   2.80   0.20632E+05   0.46265E-06
   3.00   0.13128E+05   0.51713E-06
   3.20   0.83810E+04   0.56957E-06
   3.40   0.53590E+04   0.61864E-06
   3.60   0.34286E+04   0.66294E-06
   3.80   0.21944E+04   0.70119E-06
   4.00   0.14062E+04   0.73254E-06
   4.20   0.90405E+03   0.75721E-06
   4.40   0.58528E+03   0.77737E-06
   4.60   0.38355E+03   0.79819E-06
   4.80   0.25610E+03   0.82849E-06
   5.00   0.17545E+03   0.87975E-06
   5.20   0.12400E+03   0.96300E-06
   5.40   0.90629E+02   0.10841E-05
   5.60   0.68360E+02   0.12408E-05
   5.80   0.52903E+02   0.14235E-05
   6.00   0.41661E+02   0.16193E-05
   6.20   0.33094E+02   0.18164E-05
   6.40   0.26312E+02   0.20060E-05
   6.60   0.20802E+02   0.21825E-05
   6.80   0.16273E+02   0.23423E-05
   7.00   0.12548E+02   0.24830E-05
   7.20   0.95106E+01   0.26024E-05
   7.40   0.70705E+01   0.26977E-05
   7.60   0.51484E+01   0.27657E-05
   7.80   0.36694E+01   0.28022E-05
   8.00   0.25611E+01   0.28033E-05
   8.20   0.17552E+01   0.27670E-05
   8.40   0.11884E+01   0.26993E-05
   8.60   0.80453E+00   0.26240E-05
   8.80   0.55548E+00   0.25948E-05
   9.00   0.40146E+00   0.26927E-05
   9.20   0.31098E+00   0.29814E-05
   9.40   0.26015E+00   0.34418E-05
   9.60   0.23178E+00   0.39746E-05
   9.80   0.21420E+00   0.44789E-05
  10.00   0.20018E+00   0.49034E-05
  10.20   0.18573E+00   0.52403E-05
  10.40   0.16920E+00   0.55001E-05
  10.60   0.15045E+00   0.56967E-05
  10.80   0.13015E+00   0.58407E-05
  11.00   0.10937E+00   0.59387E-05
  11.20   0.89180E-01   0.59931E-05
  11.40   0.70526E-01   0.60034E-05
  11.60   0.54072E-01   0.59666E-05
  11.80   0.40194E-01   0.58783E-05
  12.00   0.29000E-01   0.57360E-05
  12.20   0.20381E-01   0.55458E-05
  12.40   0.14066E-01   0.53371E-05
  12.60   0.96964E-02   0.51887E-05
  12.80   0.68704E-02   0.52489E-05
  13.00   0.51948E-02   0.56840E-05
  13.20   0.43141E-02   0.65093E-05
  13.40   0.39298E-02   0.74995E-05
  13.60   0.38090E-02   0.83805E-05
  13.80   0.37840E-02   0.90293E-05
  14.00   0.37463E-02   0.94565E-05
  14.20   0.36365E-02   0.97165E-05
  14.40   0.34330E-02   0.98589E-05
  14.60   0.31408E-02   0.99172E-05
  14.80   0.27805E-02   0.99108E-05
  15.00   0.23807E-02   0.98494E-05
E=1450
   2.00   0.12384E+06   0.26417E-06
   2.20   0.74558E+05   0.31889E-06
   2.40   0.45659E+05   0.37536E-06
   2.60   0.28294E+05   0.43264E-06
   2.80   0.17672E+05   0.48965E-06
   3.00   0.11090E+05   0.54514E-06
   3.20   0.69768E+04   0.59771E-06
   3.40   0.43936E+04   0.64583E-06
   3.60   0.27679E+04   0.68800E-06
   3.80   0.17451E+04   0.72303E-06
   4.00   0.11032E+04   0.75066E-06
   4.20   0.70166E+03   0.77248E-06
   4.40   0.45137E+03   0.79321E-06
   4.60   0.29574E+03   0.82160E-06
   4.80   0.19889E+03   0.86996E-06
   5.00   0.13818E+03   0.95091E-06
   5.20   0.99507E+02   0.10721E-05
   5.40   0.74144E+02   0.12319E-05
   5.60   0.56809E+02   0.14202E-05
   5.80   0.44356E+02   0.16230E-05
   6.00   0.34954E+02   0.18270E-05
   6.20   0.27559E+02   0.20226E-05
   6.40   0.21589E+02   0.22037E-05
   6.60   0.16712E+02   0.23666E-05
   6.80   0.12732E+02   0.25086E-05
   7.00   0.95181E+01   0.26273E-05
   7.20   0.69670E+01   0.27194E-05
   7.40   0.49861E+01   0.27811E-05
   7.60   0.34874E+01   0.28078E-05
   7.80   0.23867E+01   0.27953E-05
   8.00   0.16046E+01   0.27437E-05
   8.20   0.10695E+01   0.26659E-05
   8.40   0.71866E+00   0.26007E-05
   8.60   0.49945E+00   0.26241E-05
   8.80   0.36966E+00   0.28253E-05
   9.00   0.29681E+00   0.32329E-05
   9.20   0.25719E+00   0.37688E-05
   9.40   0.23447E+00   0.43114E-05
   9.60   0.21828E+00   0.47815E-05
   9.80   0.20273E+00   0.51570E-05
  10.00   0.18516E+00   0.54459E-05
  10.20   0.16496E+00   0.56633E-05
  10.40   0.14279E+00   0.58222E-05
  10.60   0.11983E+00   0.59308E-05
  10.80   0.97391E-01   0.59925E-05
  11.00   0.76601E-01   0.60071E-05
  11.20   0.58281E-01   0.59714E-05
  11.40   0.42896E-01   0.58807E-05
  11.60   0.30581E-01   0.57321E-05
  11.80   0.21199E-01   0.55328E-05
  12.00   0.14428E-01   0.53179E-05
  12.20   0.98328E-02   0.51816E-05
  12.40   0.69389E-02   0.52961E-05
  12.60   0.52855E-02   0.58323E-05
  12.80   0.44635E-02   0.67532E-05
  13.00   0.41368E-02   0.77718E-05
  13.20   0.40505E-02   0.86178E-05
  13.40   0.40279E-02   0.92083E-05
  13.60   0.39613E-02   0.95803E-05
  13.80   0.37986E-02   0.97952E-05
  14.00   0.35285E-02   0.99010E-05
  14.20   0.31662E-02   0.99277E-05
  14.40   0.27418E-02   0.98910E-05
  14.60   0.22901E-02   0.97977E-05
  14.80   0.18442E-02   0.96486E-05
  15.00   0.14311E-02   0.94411E-05
E=1500
   2.00   0.11108E+06   0.28249E-06
   2.20   0.66196E+05   0.33981E-06
   2.40   0.40083E+05   0.39865E-06
   2.60   0.24534E+05   0.45791E-06
   2.80   0.15120E+05   0.51630E-06
   3.00   0.93543E+04   0.57239E-06
   3.20   0.57973E+04   0.62454E-06
   3.40   0.35949E+04   0.67105E-06
   3.60   0.22305E+04   0.71039E-06
   3.80   0.13865E+04   0.74178E-06
   4.00   0.86610E+03   0.76606E-06
   4.20   0.54654E+03   0.78712E-06
   4.40   0.35090E+03   0.81322E-06
   4.60   0.23116E+03   0.85707E-06
   4.80   0.15747E+03   0.93299E-06
   5.00   0.11141E+03   0.10510E-05
   5.20   0.81804E+02   0.12112E-05
   5.40   0.61945E+02   0.14035E-05
   5.60   0.47906E+02   0.16126E-05
   5.80   0.37437E+02   0.18237E-05
   6.00   0.29278E+02   0.20261E-05
   6.20   0.22738E+02   0.22129E-05
   6.40   0.17432E+02   0.23801E-05
   6.60   0.13134E+02   0.25247E-05
   6.80   0.96954E+01   0.26439E-05
   7.00   0.69954E+01   0.27343E-05
   7.20   0.49263E+01   0.27912E-05
   7.40   0.33855E+01   0.28094E-05
   7.60   0.22748E+01   0.27852E-05
   7.80   0.15029E+01   0.27214E-05
   8.00   0.98846E+00   0.26390E-05
   8.20   0.66147E+00   0.25947E-05
   8.40   0.46454E+00   0.26839E-05
   8.60   0.35268E+00   0.29887E-05
   8.80   0.29232E+00   0.34884E-05
   9.00   0.25983E+00   0.40607E-05
   9.20   0.23972E+00   0.45877E-05
   9.40   0.22281E+00   0.50181E-05
   9.60   0.20451E+00   0.53503E-05
   9.80   0.18328E+00   0.55998E-05
  10.00   0.15945E+00   0.57825E-05
  10.20   0.13428E+00   0.59091E-05
  10.40   0.10930E+00   0.59849E-05
  10.60   0.85920E-01   0.60107E-05
  10.80   0.65189E-01   0.59836E-05
  11.00   0.47734E-01   0.58984E-05
  11.20   0.33770E-01   0.57516E-05
  11.40   0.23172E-01   0.55489E-05
  11.60   0.15576E-01   0.53258E-05
  11.80   0.10475E-01   0.51823E-05
  12.00   0.73124E-02   0.53073E-05
  12.20   0.55456E-02   0.58856E-05
  12.40   0.46975E-02   0.68599E-05
  12.60   0.43805E-02   0.79038E-05
  12.80   0.43055E-02   0.87405E-05
  13.00   0.42778E-02   0.93054E-05
  13.20   0.41839E-02   0.96497E-05
  13.40   0.39744E-02   0.98395E-05
  13.60   0.36453E-02   0.99229E-05
  13.80   0.32206E-02   0.99278E-05
  14.00   0.27386E-02   0.98680E-05
  14.20   0.22403E-02   0.97483E-05
  14.40   0.17620E-02   0.95677E-05
  14.60   0.13315E-02   0.93228E-05
  14.80   0.96647E-03   0.90122E-05
  15.00   0.67451E-03   0.86477E-05
E=1550
   2.00   0.99680E+05   0.30106E-06
   2.20   0.58774E+05   0.36092E-06
   2.40   0.35175E+05   0.42200E-06
   2.60   0.21258E+05   0.48301E-06
   2.80   0.12922E+05   0.54247E-06
   3.00   0.78780E+04   0.59868E-06
   3.20   0.48084E+04   0.64981E-06
   3.40   0.29362E+04   0.69403E-06
   3.60   0.17950E+04   0.73000E-06
   3.80   0.11014E+04   0.75773E-06
   4.00   0.68154E+03   0.78000E-06
   4.20   0.42834E+03   0.80404E-06
   4.40   0.27590E+03   0.84237E-06
   4.60   0.18377E+03   0.91075E-06
   4.80   0.12736E+03   0.10221E-05
   5.00   0.91892E+02   0.11794E-05
   5.20   0.68622E+02   0.13736E-05
   5.40   0.52499E+02   0.15882E-05
   5.60   0.40667E+02   0.18067E-05
   5.80   0.31554E+02   0.20167E-05
   6.00   0.24311E+02   0.22104E-05
   6.20   0.18476E+02   0.23831E-05
   6.40   0.13784E+02   0.25318E-05
   6.60   0.10060E+02   0.26532E-05
   6.80   0.71643E+01   0.27434E-05
   7.00   0.49714E+01   0.27973E-05
   7.20   0.33615E+01   0.28092E-05
   7.40   0.22205E+01   0.27757E-05
   7.60   0.14437E+01   0.27024E-05
   7.80   0.93844E+00   0.26202E-05
   8.00   0.62662E+00   0.26037E-05
   8.20   0.44525E+00   0.27627E-05
   8.40   0.34610E+00   0.31593E-05
   8.60   0.29421E+00   0.37223E-05
   8.80   0.26585E+00   0.43051E-05
   9.00   0.24626E+00   0.48070E-05
   9.20   0.22732E+00   0.52008E-05
   9.40   0.20561E+00   0.54972E-05
   9.60   0.18060E+00   0.57149E-05
   9.80   0.15338E+00   0.58684E-05
  10.00   0.12569E+00   0.59660E-05
  10.20   0.99267E-01   0.60104E-05
  10.40   0.75501E-01   0.59996E-05
  10.60   0.55287E-01   0.59286E-05
  10.80   0.39005E-01   0.57925E-05
  11.00   0.26601E-01   0.55937E-05
  11.20   0.17697E-01   0.53621E-05
  11.40   0.11724E-01   0.51919E-05
  11.60   0.80326E-02   0.52777E-05
  11.80   0.59839E-02   0.58335E-05
  12.00   0.50110E-02   0.68254E-05
  12.20   0.46543E-02   0.79051E-05
  12.40   0.45732E-02   0.87654E-05
  12.60   0.45409E-02   0.93366E-05
  12.80   0.44284E-02   0.96772E-05
  13.00   0.41829E-02   0.98590E-05
  13.20   0.38040E-02   0.99321E-05
  13.40   0.33235E-02   0.99246E-05
  13.60   0.27871E-02   0.98497E-05
  13.80   0.22423E-02   0.97109E-05
  14.00   0.17296E-02   0.95061E-05
  14.20   0.12783E-02   0.92314E-05
  14.40   0.90501E-03   0.88880E-05
  14.60   0.61525E-03   0.84994E-05
  14.80   0.40521E-03   0.81517E-05
  15.00   0.26479E-03   0.80686E-05
E=1600
   2.00   0.89471E+05   0.31986E-06
   2.20   0.52180E+05   0.38218E-06
   2.40   0.30854E+05   0.44533E-06
   2.60   0.18402E+05   0.50784E-06
   2.80   0.11029E+05   0.56799E-06
   3.00   0.66241E+04   0.62383E-06
   3.20   0.39813E+04   0.67331E-06
   3.40   0.23945E+04   0.71461E-06
   3.60   0.14436E+04   0.74689E-06
   3.80   0.87599E+03   0.77163E-06
   4.00   0.53864E+03   0.79455E-06
   4.20   0.33872E+03   0.82721E-06
   4.40   0.22007E+03   0.88614E-06
   4.60   0.14892E+03   0.98738E-06
   4.80   0.10524E+03   0.11379E-05
   5.00   0.77295E+02   0.13310E-05
   5.20   0.58399E+02   0.15498E-05
   5.40   0.44810E+02   0.17757E-05
   5.60   0.34499E+02   0.19941E-05
   5.80   0.26387E+02   0.21959E-05
   6.00   0.19902E+02   0.23757E-05
   6.20   0.14721E+02   0.25301E-05
   6.40   0.10637E+02   0.26555E-05
   6.60   0.74888E+01   0.27476E-05
   6.80   0.51284E+01   0.28007E-05
   7.00   0.34167E+01   0.28087E-05
   7.20   0.22217E+01   0.27683E-05
   7.40   0.14230E+01   0.26882E-05
   7.60   0.91490E+00   0.26087E-05
   7.80   0.60968E+00   0.26217E-05
   8.00   0.43776E+00   0.28460E-05
   8.20   0.34694E+00   0.33172E-05
   8.40   0.30041E+00   0.39209E-05
   8.60   0.27403E+00   0.45013E-05
   8.80   0.25355E+00   0.49779E-05
   9.00   0.23181E+00   0.53412E-05
   9.20   0.20639E+00   0.56091E-05
   9.40   0.17766E+00   0.58008E-05
   9.60   0.14737E+00   0.59291E-05
   9.80   0.11759E+00   0.60000E-05
  10.00   0.90167E-01   0.60135E-05
  10.20   0.66407E-01   0.59653E-05
  10.40   0.46985E-01   0.58494E-05
  10.60   0.32010E-01   0.56643E-05
  10.80   0.21153E-01   0.54294E-05
  11.00   0.13806E-01   0.52218E-05
  11.20   0.92274E-02   0.52252E-05
  11.40   0.66612E-02   0.56884E-05
  11.60   0.54258E-02   0.66523E-05
  11.80   0.49619E-02   0.77775E-05
  12.00   0.48523E-02   0.86980E-05
  12.20   0.48184E-02   0.93098E-05
  12.40   0.47013E-02   0.96707E-05
  12.60   0.44352E-02   0.98604E-05
  12.80   0.40188E-02   0.99343E-05
  13.00   0.34891E-02   0.99234E-05
  13.20   0.28998E-02   0.98413E-05
  13.40   0.23058E-02   0.96913E-05
  13.60   0.17529E-02   0.94704E-05
  13.80   0.12731E-02   0.91745E-05
  14.00   0.88349E-03   0.88072E-05
  14.20   0.58795E-03   0.84037E-05
  14.40   0.38001E-03   0.80863E-05
  14.60   0.24654E-03   0.81566E-05
  14.80   0.17113E-03   0.90675E-05
  15.00   0.13690E-03   0.10880E-04
E=1650
   2.00   0.80321E+05   0.33886E-06
   2.20   0.46316E+05   0.40352E-06
   2.40   0.27047E+05   0.46857E-06
   2.60   0.15915E+05   0.53230E-06
   2.80   0.94005E+04   0.59271E-06
   3.00   0.55609E+04   0.64761E-06
   3.20   0.32913E+04   0.69481E-06
   3.40   0.19506E+04   0.73269E-06
   3.60   0.11613E+04   0.76141E-06
   3.80   0.69861E+03   0.78481E-06
   4.00   0.42855E+03   0.81267E-06
   4.20   0.27103E+03   0.86127E-06
   4.40   0.17852E+03   0.94934E-06
   4.60   0.12310E+03   0.10888E-05
   4.80   0.88637E+02   0.12770E-05
   5.00   0.65985E+02   0.14978E-05
   5.20   0.50097E+02   0.17305E-05
   5.40   0.38265E+02   0.19580E-05
   5.60   0.29073E+02   0.21692E-05
   5.80   0.21785E+02   0.23577E-05
   6.00   0.15999E+02   0.25195E-05
   6.20   0.11465E+02   0.26508E-05
   6.40   0.79922E+01   0.27470E-05
   6.60   0.54103E+01   0.28019E-05
   6.80   0.35572E+01   0.28088E-05
   7.00   0.22799E+01   0.27643E-05
   7.20   0.14395E+01   0.26795E-05
   7.40   0.91528E+00   0.26029E-05
   7.60   0.60783E+00   0.26418E-05
   7.80   0.43956E+00   0.29210E-05
   8.00   0.35331E+00   0.34495E-05
   8.20   0.30969E+00   0.40792E-05
   8.40   0.28377E+00   0.46533E-05
   8.60   0.26151E+00   0.51087E-05
   8.80   0.23653E+00   0.54483E-05
   9.00   0.20732E+00   0.56940E-05
   9.20   0.17502E+00   0.58645E-05
   9.40   0.14192E+00   0.59710E-05
   9.60   0.11038E+00   0.60168E-05
   9.80   0.82267E-01   0.59998E-05
  10.00   0.58739E-01   0.59139E-05
  10.20   0.40226E-01   0.57540E-05
  10.40   0.26556E-01   0.55279E-05
  10.60   0.17137E-01   0.52878E-05
  10.80   0.11152E-01   0.51860E-05
  11.00   0.77169E-02   0.54884E-05
  11.20   0.60065E-02   0.63525E-05
  11.40   0.53259E-02   0.75130E-05
  11.60   0.51470E-02   0.85300E-05
  11.80   0.51102E-02   0.92215E-05
  12.00   0.50051E-02   0.96300E-05
  12.20   0.47389E-02   0.98446E-05
  12.40   0.43012E-02   0.99305E-05
  12.60   0.37311E-02   0.99244E-05
  12.80   0.30900E-02   0.98428E-05
  13.00   0.24415E-02   0.96896E-05
  13.20   0.18392E-02   0.94617E-05
  13.40   0.13198E-02   0.91544E-05
  13.60   0.90248E-03   0.87724E-05
  13.80   0.59066E-03   0.83583E-05
  14.00   0.37587E-03   0.80614E-05
  14.20   0.24217E-03   0.82427E-05
  14.40   0.17023E-03   0.93817E-05
  14.60   0.14071E-03   0.11358E-04
  14.80   0.13650E-03   0.13164E-04
  15.00   0.14404E-03   0.14149E-04
E=1700
   2.00   0.72109E+05   0.35801E-06
   2.20   0.41098E+05   0.42491E-06
   2.40   0.23694E+05   0.49164E-06
   2.60   0.13749E+05   0.55625E-06
   2.80   0.80016E+04   0.61647E-06
   3.00   0.46612E+04   0.66985E-06
   3.20   0.27172E+04   0.71418E-06
   3.40   0.15882E+04   0.74838E-06
   3.60   0.93538E+03   0.77432E-06
   3.80   0.55968E+03   0.79931E-06
   4.00   0.34410E+03   0.83808E-06
   4.20   0.21998E+03   0.91087E-06
   4.40   0.14745E+03   0.10349E-05
   4.60   0.10367E+03   0.12134E-05
   4.80   0.75807E+02   0.14328E-05
   5.00   0.56846E+02   0.16711E-05
   5.20   0.43055E+02   0.19079E-05
   5.40   0.32508E+02   0.21296E-05
   5.60   0.24225E+02   0.23284E-05
   5.80   0.17689E+02   0.24995E-05
   6.00   0.12592E+02   0.26389E-05
   6.20   0.87082E+01   0.27416E-05
   6.40   0.58382E+01   0.28011E-05
   6.60   0.37946E+01   0.28100E-05
   6.80   0.24003E+01   0.27643E-05
   7.00   0.14947E+01   0.26763E-05
   7.20   0.93893E+00   0.26006E-05
   7.40   0.61962E+00   0.26574E-05
   7.60   0.44917E+00   0.29775E-05
   7.80   0.36405E+00   0.35485E-05
   8.00   0.32140E+00   0.41967E-05
   8.20   0.29487E+00   0.47660E-05
   8.40   0.27030E+00   0.52062E-05
   8.60   0.24189E+00   0.55289E-05
   8.80   0.20888E+00   0.57580E-05
   9.00   0.17315E+00   0.59117E-05
   9.20   0.13744E+00   0.59991E-05
   9.40   0.10433E+00   0.60217E-05
   9.60   0.75683E-01   0.59750E-05
   9.80   0.52473E-01   0.58522E-05
  10.00   0.34865E-01   0.56516E-05
  10.20   0.22408E-01   0.53994E-05
  10.40   0.14261E-01   0.52007E-05
  10.60   0.94210E-02   0.52974E-05
  10.80   0.68921E-02   0.59611E-05
  11.00   0.58033E-02   0.71006E-05
  11.20   0.54704E-02   0.82388E-05
  11.40   0.54120E-02   0.90581E-05
  11.60   0.53337E-02   0.95503E-05
  11.80   0.50929E-02   0.98114E-05
  12.00   0.46567E-02   0.99221E-05
  12.20   0.40600E-02   0.99292E-05
  12.40   0.33704E-02   0.98547E-05
  12.60   0.26621E-02   0.97052E-05
  12.80   0.19990E-02   0.94783E-05
  13.00   0.14258E-02   0.91689E-05
  13.20   0.96613E-03   0.87808E-05
  13.40   0.62477E-03   0.83574E-05
  13.60   0.39218E-03   0.80576E-05
  13.80   0.24991E-03   0.82747E-05
  14.00   0.17560E-03   0.95142E-05
  14.20   0.14705E-03   0.11565E-04
  14.40   0.14489E-03   0.13318E-04
  14.60   0.15405E-03   0.14198E-04
  14.80   0.16418E-03   0.14402E-04
  15.00   0.16926E-03   0.14232E-04
E=1750
   2.00   0.64734E+05   0.37729E-06
   2.20   0.36453E+05   0.44627E-06
   2.40   0.20740E+05   0.51445E-06
   2.60   0.11864E+05   0.57958E-06
   2.80   0.68014E+04   0.63910E-06
   3.00   0.39016E+04   0.69038E-06
   3.20   0.22411E+04   0.73135E-06
   3.40   0.12935E+04   0.76201E-06
   3.60   0.75547E+03   0.78687E-06
   3.80   0.45135E+03   0.81787E-06
   4.00   0.27948E+03   0.87491E-06
   4.20   0.18141E+03   0.97961E-06
   4.40   0.12397E+03   0.11428E-05
   4.60   0.88691E+02   0.13561E-05
   4.80   0.65514E+02   0.15975E-05
   5.00   0.49145E+02   0.18434E-05
   5.20   0.36877E+02   0.20766E-05
   5.40   0.27354E+02   0.22872E-05
   5.60   0.19888E+02   0.24694E-05
   5.80   0.14089E+02   0.26190E-05
   6.00   0.96840E+01   0.27307E-05
   6.20   0.64427E+01   0.27976E-05
   6.40   0.41473E+01   0.28119E-05
   6.60   0.25928E+01   0.27683E-05
   6.80   0.15930E+01   0.26788E-05
   7.00   0.98724E+00   0.26006E-05
   7.20   0.64493E+00   0.26642E-05
   7.40   0.46596E+00   0.30090E-05
   7.60   0.37861E+00   0.36105E-05
   7.80   0.33526E+00   0.42745E-05
   8.00   0.30737E+00   0.48435E-05
   8.20   0.28021E+00   0.52756E-05
   8.40   0.24830E+00   0.55877E-05
   8.60   0.21154E+00   0.58054E-05
   8.80   0.17245E+00   0.59462E-05
   9.00   0.13422E+00   0.60177E-05
   9.20   0.99610E-01   0.60192E-05
   9.40   0.70449E-01   0.59446E-05
   9.60   0.47522E-01   0.57868E-05
   9.80   0.30726E-01   0.55516E-05
  10.00   0.19332E-01   0.52944E-05
  10.20   0.12266E-01   0.51912E-05
  10.40   0.83596E-02   0.55574E-05
  10.60   0.65245E-02   0.65468E-05
  10.80   0.58658E-02   0.77860E-05
  11.00   0.57243E-02   0.87863E-05
  11.20   0.56737E-02   0.94148E-05
  11.40   0.54863E-02   0.97556E-05
  11.60   0.50831E-02   0.99095E-05
  11.80   0.44824E-02   0.99402E-05
  12.00   0.37539E-02   0.98795E-05
  12.20   0.29831E-02   0.97390E-05
  12.40   0.22474E-02   0.95189E-05
  12.60   0.16035E-02   0.92144E-05
  12.80   0.10834E-02   0.88273E-05
  13.00   0.69582E-03   0.83953E-05
  13.20   0.43163E-03   0.80686E-05
  13.40   0.27049E-03   0.82408E-05
  13.60   0.18689E-03   0.94575E-05
  13.80   0.15520E-03   0.11534E-04
  14.00   0.15308E-03   0.13296E-04
  14.20   0.16325E-03   0.14148E-04
  14.40   0.17401E-03   0.14319E-04
  14.60   0.17877E-03   0.14126E-04
  14.80   0.17499E-03   0.13738E-04
  15.00   0.16299E-03   0.13223E-04
E=1800
   2.00   0.58104E+05   0.39666E-06
   2.20   0.32317E+05   0.46756E-06
   2.40   0.18139E+05   0.53691E-06
   2.60   0.10226E+05   0.60216E-06
   2.80   0.57734E+04   0.66045E-06
   3.00   0.32618E+04   0.70905E-06
   3.20   0.18475E+04   0.74639E-06
   3.40   0.10547E+04   0.77422E-06
   3.60   0.61279E+03   0.80087E-06
   3.80   0.36717E+03   0.84383E-06
   4.00   0.23007E+03   0.92700E-06
   4.20   0.15209E+03   0.10691E-05
   4.40   0.10592E+03   0.12701E-05
   4.60   0.76780E+02   0.15106E-05
   4.80   0.56926E+02   0.17641E-05
   5.00   0.42427E+02   0.20093E-05
   5.20   0.31344E+02   0.22330E-05
   5.40   0.22721E+02   0.24282E-05
   5.60   0.16045E+02   0.25900E-05
   5.80   0.10984E+02   0.27131E-05
   6.00   0.72673E+01   0.27906E-05
   6.20   0.46428E+01   0.28136E-05
   6.40   0.28735E+01   0.27759E-05
   6.60   0.17428E+01   0.26868E-05
   6.80   0.10640E+01   0.26028E-05
   7.00   0.68499E+00   0.26604E-05
   7.20   0.49009E+00   0.30124E-05
   7.40   0.39685E+00   0.36335E-05
   7.60   0.35124E+00   0.43138E-05
   7.80   0.32144E+00   0.48886E-05
   8.00   0.29159E+00   0.53196E-05
   8.20   0.25620E+00   0.56273E-05
   8.40   0.21573E+00   0.58388E-05
   8.60   0.17329E+00   0.59709E-05
   8.80   0.13250E+00   0.60300E-05
   9.00   0.96318E-01   0.60135E-05
   9.20   0.66545E-01   0.59137E-05
   9.40   0.43772E-01   0.57244E-05
   9.60   0.27629E-01   0.54626E-05
   9.80   0.17116E-01   0.52237E-05
  10.00   0.10936E-01   0.52645E-05
  10.20   0.77689E-02   0.59225E-05
  10.40   0.64501E-02   0.71352E-05
  10.60   0.60723E-02   0.83444E-05
  10.80   0.60101E-02   0.91830E-05
  11.00   0.58952E-02   0.96590E-05
  11.20   0.55642E-02   0.98888E-05
  11.40   0.49953E-02   0.99615E-05
  11.60   0.42492E-02   0.99249E-05
  11.80   0.34206E-02   0.97997E-05
  12.00   0.26034E-02   0.95905E-05
  12.20   0.18714E-02   0.92943E-05
  12.40   0.12696E-02   0.89112E-05
  12.60   0.81487E-03   0.84699E-05
  12.80   0.50127E-03   0.80976E-05
  13.00   0.30767E-03   0.81588E-05
  13.20   0.20556E-03   0.92443E-05
  13.40   0.16531E-03   0.11321E-04
  13.60   0.16069E-03   0.13176E-04
  13.80   0.17125E-03   0.14071E-04
  14.00   0.18311E-03   0.14234E-04
  14.20   0.18844E-03   0.14018E-04
  14.40   0.18425E-03   0.13612E-04
  14.60   0.17092E-03   0.13085E-04
  14.80   0.15076E-03   0.12452E-04
  15.00   0.12681E-03   0.11700E-04
E=1850
   2.00   0.52142E+05   0.41608E-06
   2.20   0.28634E+05   0.48871E-06
   2.40   0.15850E+05   0.55893E-06
   2.60   0.88034E+04   0.62387E-06
   2.80   0.48945E+04   0.68038E-06
   3.00   0.27242E+04   0.72580E-06
   3.20   0.15231E+04   0.75954E-06
   3.40   0.86206E+03   0.78607E-06
   3.60   0.50007E+03   0.81875E-06
   3.80   0.30190E+03   0.88076E-06
   4.00   0.19219E+03   0.99709E-06
   4.20   0.12955E+03   0.11784E-05
   4.40   0.91683E+02   0.14119E-05
   4.60   0.66962E+02   0.16701E-05
   4.80   0.49500E+02   0.19269E-05
   5.00   0.36425E+02   0.21649E-05
   5.20   0.26352E+02   0.23748E-05
   5.40   0.18581E+02   0.25508E-05
   5.60   0.12695E+02   0.26877E-05
   5.80   0.83719E+01   0.27784E-05
   6.00   0.53204E+01   0.28138E-05
   6.20   0.32662E+01   0.27858E-05
   6.40   0.19576E+01   0.27002E-05
   6.60   0.11758E+01   0.26082E-05
   6.80   0.74273E+00   0.26474E-05
   7.00   0.52258E+00   0.29875E-05
   7.20   0.41904E+00   0.36175E-05
   7.40   0.36945E+00   0.43153E-05
   7.60   0.33731E+00   0.49026E-05
   7.80   0.30478E+00   0.53394E-05
   8.00   0.26602E+00   0.56488E-05
   8.20   0.22185E+00   0.58590E-05
   8.40   0.17597E+00   0.59871E-05
   8.60   0.13247E+00   0.60380E-05
   8.80   0.94537E-01   0.60078E-05
   9.00   0.63945E-01   0.58869E-05
   9.20   0.41115E-01   0.56707E-05
   9.40   0.25415E-01   0.53905E-05
   9.60   0.15582E-01   0.51897E-05
   9.80   0.10100E-01   0.54024E-05
  10.00   0.75026E-02   0.63236E-05
  10.20   0.65566E-02   0.76506E-05
  10.40   0.63486E-02   0.87711E-05
  10.60   0.62894E-02   0.94698E-05
  10.80   0.60679E-02   0.98345E-05
  11.00   0.55806E-02   0.99843E-05
  11.20   0.48560E-02   0.99934E-05
  11.40   0.39885E-02   0.98968E-05
  11.60   0.30891E-02   0.97069E-05
  11.80   0.22536E-02   0.94238E-05
  12.00   0.15470E-02   0.90464E-05
  12.20   0.99989E-03   0.85935E-05
  12.40   0.61384E-03   0.81619E-05
  12.60   0.36941E-03   0.80622E-05
  12.80   0.23578E-03   0.89116E-05
  13.00   0.17901E-03   0.10949E-04
  13.20   0.16793E-03   0.13011E-04
  13.40   0.17771E-03   0.14055E-04
  13.60   0.19111E-03   0.14238E-04
  13.80   0.19815E-03   0.13984E-04
  14.00   0.19476E-03   0.13529E-04
  14.20   0.18105E-03   0.12961E-04
  14.40   0.15954E-03   0.12301E-04
  14.60   0.13366E-03   0.11538E-04
  14.80   0.10681E-03   0.10645E-04
  15.00   0.81659E-04   0.95907E-05
E=1900
   2.00   0.46777E+05   0.43550E-06
   2.20   0.25355E+05   0.50966E-06
   2.40   0.13836E+05   0.58042E-06
   2.60   0.75697E+04   0.64456E-06
   2.80   0.41446E+04   0.69875E-06
   3.00   0.22739E+04   0.74065E-06
   3.20   0.12568E+04   0.77129E-06
   3.40   0.70718E+03   0.79907E-06
   3.60   0.41128E+03   0.84337E-06
   3.80   0.25129E+03   0.93190E-06
   4.00   0.16297E+03   0.10861E-05
   4.20   0.11189E+03   0.13045E-05
   4.40   0.80107E+02   0.15623E-05
   4.60   0.58579E+02   0.18290E-05
   4.80   0.42903E+02   0.20818E-05
   5.00   0.30996E+02   0.23078E-05
   5.20   0.21857E+02   0.25000E-05
   5.40   0.14933E+02   0.26527E-05
   5.60   0.98382E+01   0.27592E-05
   5.80   0.62348E+01   0.28103E-05
   6.00   0.38056E+01   0.27963E-05
   6.20   0.22574E+01   0.27183E-05
   6.40   0.13335E+01   0.26186E-05
   6.60   0.82325E+00   0.26292E-05
   6.80   0.56550E+00   0.29377E-05
   7.00   0.44592E+00   0.35633E-05
   7.20   0.39020E+00   0.42793E-05
   7.40   0.35524E+00   0.48858E-05
   7.60   0.32013E+00   0.53352E-05
   7.80   0.27814E+00   0.56517E-05
   8.00   0.23028E+00   0.58656E-05
   8.20   0.18082E+00   0.59943E-05
   8.40   0.13435E+00   0.60423E-05
   8.60   0.94344E-01   0.60037E-05
   8.80   0.62626E-01   0.58674E-05
   9.00   0.39457E-01   0.56302E-05
   9.20   0.23954E-01   0.53387E-05
   9.40   0.14590E-01   0.51863E-05
   9.60   0.96280E-02   0.55705E-05
   9.80   0.74560E-02   0.66949E-05
  10.00   0.67713E-02   0.80570E-05
  10.20   0.66536E-02   0.90815E-05
  10.40   0.65487E-02   0.96772E-05
  10.60   0.61993E-02   0.99679E-05
  10.80   0.55562E-02   0.10064E-04
  11.00   0.46913E-02   0.10025E-04
  11.20   0.37255E-02   0.98751E-05
  11.40   0.27798E-02   0.96206E-05
  11.60   0.19462E-02   0.92591E-05
  11.80   0.12779E-02   0.87987E-05
  12.00   0.79027E-03   0.83022E-05
  12.20   0.46998E-03   0.80059E-05
  12.40   0.28604E-03   0.84978E-05
  12.60   0.20039E-03   0.10362E-04
  12.80   0.17607E-03   0.12752E-04
  13.00   0.18239E-03   0.14152E-04
  13.20   0.19725E-03   0.14448E-04
  13.40   0.20722E-03   0.14159E-04
  13.60   0.20621E-03   0.13617E-04
  13.80   0.19348E-03   0.12955E-04
  14.00   0.17145E-03   0.12212E-04
  14.20   0.14397E-03   0.11386E-04
  14.40   0.11495E-03   0.10457E-04
  14.60   0.87533E-04   0.93969E-05
  14.80   0.63807E-04   0.81819E-05
  15.00   0.44752E-04   0.68161E-05
E=1950
   2.00   0.41948E+05   0.45490E-06
   2.20   0.22435E+05   0.53034E-06
   2.40   0.12066E+05   0.60128E-06
   2.60   0.65015E+04   0.66413E-06
   2.80   0.35062E+04   0.71547E-06
   3.00   0.18977E+04   0.75372E-06
   3.20   0.10389E+04   0.78244E-06
   3.40   0.58310E+03   0.81520E-06
   3.60   0.34148E+03   0.87781E-06
   3.80   0.21196E+03   0.99956E-06
   4.00   0.14015E+03   0.11931E-05
   4.20   0.97714E+02   0.14426E-05
   4.40   0.70378E+02   0.17156E-05
   4.60   0.51204E+02   0.19829E-05
   4.80   0.36941E+02   0.22262E-05
   5.00   0.26078E+02   0.24361E-05
   5.20   0.17850E+02   0.26067E-05
   5.40   0.11777E+02   0.27312E-05
   5.60   0.74620E+01   0.28008E-05
   5.80   0.45408E+01   0.28047E-05
   6.00   0.26720E+01   0.27394E-05
   6.20   0.15535E+01   0.26357E-05
   6.40   0.93468E+00   0.26118E-05
   6.60   0.62240E+00   0.28694E-05
   6.80   0.47879E+00   0.34739E-05
   7.00   0.41391E+00   0.42064E-05
   7.20   0.37547E+00   0.48380E-05
   7.40   0.33796E+00   0.53060E-05
   7.60   0.29297E+00   0.56346E-05
   7.80   0.24144E+00   0.58563E-05
   8.00   0.18817E+00   0.59900E-05
   8.20   0.13837E+00   0.60401E-05
   8.40   0.95873E-01   0.59995E-05
   8.60   0.62618E-01   0.58552E-05
   8.80   0.38752E-01   0.56042E-05
   9.00   0.23158E-01   0.53059E-05
   9.20   0.14038E-01   0.51993E-05
   9.40   0.94283E-02   0.57268E-05
   9.60   0.75588E-02   0.69853E-05
   9.80   0.70493E-02   0.83396E-05
  10.00   0.69670E-02   0.92875E-05
  10.20   0.67872E-02   0.98200E-05
  10.40   0.63015E-02   0.10072E-04
  10.60   0.55097E-02   0.10140E-04
  10.80   0.45208E-02   0.10072E-04
  11.00   0.34765E-02   0.98813E-05
  11.20   0.25027E-02   0.95676E-05
  11.40   0.16843E-02   0.91279E-05
  11.60   0.10608E-02   0.85895E-05
  11.80   0.63208E-03   0.80991E-05
  12.00   0.37130E-03   0.81261E-05
  12.20   0.23787E-03   0.95053E-05
  12.40   0.18869E-03   0.12151E-04
  12.60   0.18581E-03   0.14231E-04
  12.80   0.20046E-03   0.14907E-04
  13.00   0.21406E-03   0.14688E-04
  13.20   0.21713E-03   0.14071E-04
  13.40   0.20715E-03   0.13280E-04
  13.60   0.18596E-03   0.12391E-04
  13.80   0.15761E-03   0.11423E-04
  14.00   0.12654E-03   0.10370E-04
  14.20   0.96564E-04   0.92208E-05
  14.40   0.70279E-04   0.79665E-05
  14.60   0.49029E-04   0.66217E-05
  14.80   0.33067E-04   0.52667E-05
  15.00   0.21889E-04   0.41266E-05
E=2000
   2.00   0.37602E+05   0.47424E-06
   2.20   0.19836E+05   0.55071E-06
   2.40   0.10512E+05   0.62141E-06
   2.60   0.55779E+04   0.68245E-06
   2.80   0.29639E+04   0.73052E-06
   3.00   0.15844E+04   0.76533E-06
   3.20   0.86123E+03   0.79412E-06
   3.40   0.48398E+03   0.83687E-06
   3.60   0.28663E+03   0.92493E-06
   3.80   0.18121E+03   0.10846E-05
   4.00   0.12202E+03   0.13151E-05
   4.20   0.86009E+02   0.15878E-05
   4.40   0.61941E+02   0.18674E-05
   4.60   0.44573E+02   0.21286E-05
   4.80   0.31518E+02   0.23580E-05
   5.00   0.21648E+02   0.25481E-05
   5.20   0.14334E+02   0.26926E-05
   5.40   0.91055E+01   0.27830E-05
   5.60   0.55407E+01   0.28083E-05
   5.80   0.32441E+01   0.27609E-05
   6.00   0.18602E+01   0.26594E-05
   6.20   0.10897E+01   0.26014E-05
   6.40   0.69910E+00   0.27922E-05
   6.60   0.51990E+00   0.33544E-05
   6.80   0.44133E+00   0.40979E-05
   7.00   0.39828E+00   0.47596E-05
   7.20   0.35851E+00   0.52519E-05
   7.40   0.31085E+00   0.55963E-05
   7.60   0.25572E+00   0.58287E-05
   7.80   0.19840E+00   0.59708E-05
   8.00   0.14480E+00   0.60278E-05
   8.20   0.99279E-01   0.59918E-05
   8.40   0.63972E-01   0.58481E-05
   8.60   0.38978E-01   0.55921E-05
   8.80   0.22962E-01   0.52906E-05
   9.00   0.13851E-01   0.52158E-05
   9.20   0.94345E-02   0.58385E-05
   9.40   0.77654E-02   0.71651E-05
   9.60   0.73691E-02   0.84908E-05
   9.80   0.72879E-02   0.93867E-05
  10.00   0.70187E-02   0.98918E-05
  10.20   0.63962E-02   0.10138E-04
  10.40   0.54641E-02   0.10208E-04
  10.60   0.43644E-02   0.10136E-04
  10.80   0.32555E-02   0.99268E-05
  11.00   0.22648E-02   0.95701E-05
  11.20   0.14682E-02   0.90620E-05
  11.40   0.89046E-03   0.84594E-05
  11.60   0.51650E-03   0.80408E-05
  11.80   0.30720E-03   0.85838E-05
  12.00   0.21424E-03   0.10902E-04
  12.20   0.19132E-03   0.13804E-04
  12.40   0.20105E-03   0.15342E-04
  12.60   0.21752E-03   0.15513E-04
  12.80   0.22601E-03   0.14977E-04
  13.00   0.22083E-03   0.14117E-04
  13.20   0.20240E-03   0.13083E-04
  13.40   0.17449E-03   0.11925E-04
  13.60   0.14201E-03   0.10660E-04
  13.80   0.10946E-03   0.92960E-05
  14.00   0.80164E-04   0.78533E-05
  14.20   0.56009E-04   0.63808E-05
  14.40   0.37606E-04   0.49964E-05
  14.60   0.24605E-04   0.39477E-05
  14.80   0.16083E-04   0.36658E-05
  15.00   0.10896E-04   0.46546E-05
E=2050
   2.00   0.33690E+05   0.49347E-06
   2.20   0.17525E+05   0.57068E-06
   2.40   0.91490E+04   0.64072E-06
   2.60   0.47809E+04   0.69944E-06
   2.80   0.25044E+04   0.74392E-06
   3.00   0.13243E+04   0.77598E-06
   3.20   0.71679E+03   0.80786E-06
   3.40   0.40497E+03   0.86670E-06
   3.60   0.24344E+03   0.98692E-06
   3.80   0.15690E+03   0.11863E-05
   4.00   0.10730E+03   0.14483E-05
   4.20   0.76046E+02   0.17355E-05
   4.40   0.54435E+02   0.20142E-05
   4.60   0.38539E+02   0.22643E-05
   4.80   0.26591E+02   0.24758E-05
   5.00   0.17706E+02   0.26419E-05
   5.20   0.11306E+02   0.27550E-05
   5.40   0.69011E+01   0.28042E-05
   5.60   0.40350E+01   0.27794E-05
   5.80   0.22899E+01   0.26879E-05
   6.00   0.13079E+01   0.26028E-05
   6.20   0.80482E+00   0.27174E-05
   6.40   0.57298E+00   0.32133E-05
   6.60   0.47362E+00   0.39571E-05
   6.80   0.42395E+00   0.46525E-05
   7.00   0.38196E+00   0.51741E-05
   7.20   0.33207E+00   0.55369E-05
   7.40   0.27353E+00   0.57812E-05
   7.60   0.21194E+00   0.59327E-05
   7.80   0.15402E+00   0.59990E-05
   8.00   0.10482E+00   0.59730E-05
   8.20   0.66827E-01   0.58384E-05
   8.40   0.40180E-01   0.55881E-05
   8.60   0.23352E-01   0.52881E-05
   8.80   0.13989E-01   0.52257E-05
   9.00   0.96061E-02   0.58862E-05
   9.20   0.80480E-02   0.72209E-05
   9.40   0.77199E-02   0.85045E-05
   9.60   0.76207E-02   0.93674E-05
   9.80   0.72577E-02   0.98725E-05
  10.00   0.65016E-02   0.10142E-04
  10.20   0.54365E-02   0.10246E-04
  10.40   0.42345E-02   0.10206E-04
  10.60   0.30689E-02   0.10014E-04
  10.80   0.20667E-02   0.96468E-05
  11.00   0.12937E-02   0.90945E-05
  11.20   0.75957E-03   0.84462E-05
  11.40   0.43464E-03   0.81484E-05
  11.60   0.26870E-03   0.92780E-05
  11.80   0.20714E-03   0.12252E-04
  12.00   0.20195E-03   0.15013E-04
  12.20   0.21738E-03   0.16156E-04
  12.40   0.23105E-03   0.16108E-04
  12.60   0.23220E-03   0.15440E-04
  12.80   0.21856E-03   0.14427E-04
  13.00   0.19291E-03   0.13172E-04
  13.20   0.16026E-03   0.11716E-04
  13.40   0.12574E-03   0.10083E-04
  13.60   0.93448E-04   0.83135E-05
  13.80   0.65994E-04   0.64910E-05
  14.00   0.44506E-04   0.47881E-05
  14.20   0.28951E-04   0.35384E-05
  14.40   0.18542E-04   0.32985E-05
  14.60   0.12125E-04   0.47083E-05
  14.80   0.84856E-05   0.78295E-05
  15.00   0.65578E-05   0.11467E-04
E=2100
   2.00   0.30168E+05   0.51256E-06
   2.20   0.15470E+05   0.59019E-06
   2.40   0.79547E+04   0.65912E-06
   2.60   0.40943E+04   0.71502E-06
   2.80   0.21161E+04   0.75582E-06
   3.00   0.11090E+04   0.78644E-06
   3.20   0.59970E+03   0.82555E-06
   3.40   0.34203E+03   0.90727E-06
   3.60   0.20927E+03   0.10649E-05
   3.80   0.13740E+03   0.13024E-05
   4.00   0.95020E+02   0.15885E-05
   4.20   0.67325E+02   0.18821E-05
   4.40   0.47636E+02   0.21538E-05
   4.60   0.33025E+02   0.23884E-05
   4.80   0.22148E+02   0.25780E-05
   5.00   0.14251E+02   0.27153E-05
   5.20   0.87540E+01   0.27903E-05
   5.40   0.51315E+01   0.27916E-05
   5.60   0.28954E+01   0.27178E-05
   5.80   0.16184E+01   0.26170E-05
   6.00   0.95418E+00   0.26559E-05
   6.20   0.64422E+00   0.30616E-05
   6.40   0.51284E+00   0.37883E-05
   6.60   0.45294E+00   0.45198E-05
   6.80   0.40839E+00   0.50765E-05
   7.00   0.35685E+00   0.54597E-05
   7.20   0.29526E+00   0.57148E-05
   7.40   0.22928E+00   0.58737E-05
   7.60   0.16648E+00   0.59482E-05
   7.80   0.11284E+00   0.59338E-05
   8.00   0.71408E-01   0.58147E-05
   8.20   0.42468E-01   0.55810E-05
   8.40   0.24359E-01   0.52916E-05
   8.60   0.14441E-01   0.52271E-05
   8.80   0.99203E-02   0.58720E-05
   9.00   0.83915E-02   0.71598E-05
   9.20   0.81014E-02   0.83808E-05
   9.40   0.79792E-02   0.92125E-05
   9.60   0.75260E-02   0.97286E-05
   9.80   0.66413E-02   0.10041E-04
  10.00   0.54471E-02   0.10208E-04
  10.20   0.41450E-02   0.10240E-04
  10.40   0.29233E-02   0.10114E-04
  10.60   0.19088E-02   0.97906E-05
  10.80   0.11566E-02   0.92369E-05
  11.00   0.66147E-03   0.85571E-05
  11.20   0.37927E-03   0.83547E-05
  11.40   0.24929E-03   0.98973E-05
  11.60   0.21155E-03   0.13064E-04
  11.80   0.21729E-03   0.15588E-04
  12.00   0.23318E-03   0.16641E-04
  12.20   0.24077E-03   0.16674E-04
  12.40   0.23327E-03   0.16091E-04
  12.60   0.21147E-03   0.15071E-04
  12.80   0.18000E-03   0.13679E-04
  13.00   0.14443E-03   0.11944E-04
  13.20   0.10963E-03   0.99043E-05
  13.40   0.78945E-04   0.76483E-05
  13.60   0.54094E-04   0.53651E-05
  13.80   0.35462E-04   0.34361E-05
  14.00   0.22511E-04   0.25603E-05
  14.20   0.14196E-04   0.37803E-05
  14.40   0.93068E-05   0.78941E-05
  14.60   0.66990E-05   0.13861E-04
  14.80   0.54249E-05   0.18469E-04
  15.00   0.47886E-05   0.19568E-04
E=2150
   2.00   0.26999E+05   0.53147E-06
   2.20   0.13645E+05   0.60919E-06
   2.40   0.69099E+04   0.67652E-06
   2.60   0.35041E+04   0.72915E-06
   2.80   0.17888E+04   0.76647E-06
   3.00   0.93135E+03   0.79776E-06
   3.20   0.50500E+03   0.84935E-06
   3.40   0.29184E+03   0.96079E-06
   3.60   0.18200E+03   0.11587E-05
   3.80   0.12144E+03   0.14299E-05
   4.00   0.84496E+02   0.17320E-05
   4.20   0.59514E+02   0.20248E-05
   4.40   0.41415E+02   0.22846E-05
   4.60   0.28000E+02   0.24998E-05
   4.80   0.18191E+02   0.26629E-05
   5.00   0.11279E+02   0.27651E-05
   5.20   0.66556E+01   0.27949E-05
   5.40   0.37536E+01   0.27450E-05
   5.60   0.20659E+01   0.26419E-05
   5.80   0.11702E+01   0.26154E-05
   6.00   0.74391E+00   0.29121E-05
   6.20   0.56266E+00   0.35969E-05
   6.40   0.48604E+00   0.43654E-05
   6.60   0.43780E+00   0.49658E-05
   6.80   0.38523E+00   0.53724E-05
   7.00   0.32124E+00   0.56359E-05
   7.20   0.25091E+00   0.57968E-05
   7.40   0.18274E+00   0.58735E-05
   7.60   0.12383E+00   0.58664E-05
   7.80   0.78054E-01   0.57632E-05
   8.00   0.46038E-01   0.55541E-05
   8.20   0.26069E-01   0.52886E-05
   8.40   0.15227E-01   0.52227E-05
   8.60   0.10368E-01   0.58184E-05
   8.80   0.87853E-02   0.70138E-05
   9.00   0.85145E-02   0.81392E-05
   9.20   0.83771E-02   0.89164E-05
   9.40   0.78462E-02   0.94290E-05
   9.60   0.68402E-02   0.97825E-05
   9.80   0.55168E-02   0.10027E-04
  10.00   0.41100E-02   0.10165E-04
  10.20   0.28251E-02   0.10163E-04
  10.40   0.17909E-02   0.99540E-05
  10.60   0.10528E-02   0.94629E-05
  10.80   0.59042E-03   0.87496E-05
  11.00   0.34489E-03   0.84844E-05
  11.20   0.24489E-03   0.10011E-04
  11.40   0.22518E-03   0.12942E-04
  11.60   0.23667E-03   0.15326E-04
  11.80   0.24894E-03   0.16604E-04
  12.00   0.24782E-03   0.17033E-04
  12.20   0.23057E-03   0.16820E-04
  12.40   0.20084E-03   0.16039E-04
  12.60   0.16463E-03   0.14696E-04
  12.80   0.12762E-03   0.12793E-04
  13.00   0.93941E-04   0.10380E-04
  13.20   0.65871E-04   0.76105E-05
  13.40   0.44132E-04   0.48309E-05
  13.60   0.28388E-04   0.27140E-05
  13.80   0.17720E-04   0.24359E-05
  14.00   0.10996E-04   0.56703E-05
  14.20   0.71052E-05   0.13527E-04
  14.40   0.50830E-05   0.23729E-04
  14.60   0.41612E-05   0.30239E-04
  14.80   0.37770E-05   0.29670E-04
  15.00   0.35570E-05   0.24067E-04
E=2200
   2.00   0.24148E+05   0.55019E-06
   2.20   0.12025E+05   0.62763E-06
   2.40   0.59971E+04   0.69285E-06
   2.60   0.29977E+04   0.74187E-06
   2.80   0.15137E+04   0.77628E-06
   3.00   0.78509E+03   0.81127E-06
   3.20   0.42851E+03   0.88151E-06
   3.40   0.25169E+03   0.10287E-05
   3.60   0.15996E+03   0.12670E-05
   3.80   0.10807E+03   0.15655E-05
   4.00   0.75242E+02   0.18759E-05
   4.20   0.52402E+02   0.21622E-05
   4.40   0.35706E+02   0.24057E-05
   4.60   0.23457E+02   0.25972E-05
   4.80   0.14720E+02   0.27283E-05
   5.00   0.87767E+01   0.27883E-05
   5.20   0.49751E+01   0.27666E-05
   5.40   0.27165E+01   0.26734E-05
   5.60   0.14887E+01   0.25987E-05
   5.80   0.88905E+00   0.27776E-05
   6.00   0.62965E+00   0.33883E-05
   6.20   0.52494E+00   0.41906E-05
   6.40   0.47016E+00   0.48488E-05
   6.60   0.41700E+00   0.52868E-05
   6.80   0.35157E+00   0.55572E-05
   7.00   0.27731E+00   0.57127E-05
   7.20   0.20342E+00   0.57810E-05
   7.40   0.13839E+00   0.57694E-05
   7.60   0.87246E-01   0.56729E-05
   7.80   0.51205E-01   0.54870E-05
   8.00   0.28647E-01   0.52576E-05
   8.20   0.16405E-01   0.52104E-05
   8.40   0.10956E-01   0.57611E-05
   8.60   0.92186E-02   0.68428E-05
   8.80   0.89546E-02   0.78311E-05
   9.00   0.88247E-02   0.85028E-05
   9.20   0.82409E-02   0.89633E-05
   9.40   0.71262E-02   0.93201E-05
   9.60   0.56720E-02   0.96231E-05
   9.80   0.41485E-02   0.98762E-05
  10.00   0.27846E-02   0.10042E-04
  10.20   0.17158E-02   0.10030E-04
  10.40   0.97991E-03   0.96906E-05
  10.60   0.54199E-03   0.89304E-05
  10.80   0.32758E-03   0.83100E-05
  11.00   0.25344E-03   0.92709E-05
  11.20   0.24818E-03   0.11664E-04
  11.40   0.26202E-03   0.13995E-04
  11.60   0.26760E-03   0.15714E-04
  11.80   0.25537E-03   0.16817E-04
  12.00   0.22690E-03   0.17313E-04
  12.20   0.18879E-03   0.17133E-04
  12.40   0.14822E-03   0.16168E-04
  12.60   0.11060E-03   0.14337E-04
  12.80   0.78935E-04   0.11677E-04
  13.00   0.54148E-04   0.84500E-05
  13.20   0.35816E-04   0.52545E-05
  13.40   0.22887E-04   0.31316E-05
  13.60   0.14174E-04   0.36874E-05
  13.80   0.85981E-05   0.91501E-05
  14.00   0.52700E-05   0.21608E-04
  14.20   0.34799E-05   0.39382E-04
  14.40   0.26696E-05   0.52657E-04
  14.60   0.24096E-05   0.51984E-04
  14.80   0.23864E-05   0.40339E-04
  15.00   0.23906E-05   0.25281E-04
E=2250
   2.00   0.21584E+05   0.56867E-06
   2.20   0.10589E+05   0.64544E-06
   2.40   0.52008E+04   0.70807E-06
   2.60   0.25643E+04   0.75323E-06
   2.80   0.12830E+04   0.78585E-06
   3.00   0.66499E+03   0.82857E-06
   3.20   0.36673E+03   0.92418E-06
   3.40   0.21937E+03   0.11117E-05
   3.60   0.14185E+03   0.13877E-05
   3.80   0.96583E+02   0.17064E-05
   4.00   0.66926E+02   0.20184E-05
   4.20   0.45868E+02   0.22933E-05
   4.40   0.30483E+02   0.25166E-05
   4.60   0.19397E+02   0.26794E-05
   4.80   0.11727E+02   0.27715E-05
   5.00   0.67168E+01   0.27814E-05
   5.20   0.36682E+01   0.27077E-05
   5.40   0.19652E+01   0.26049E-05
   5.60   0.11075E+01   0.26699E-05
   5.80   0.72553E+00   0.31680E-05
   6.00   0.57322E+00   0.39906E-05
   6.20   0.50575E+00   0.47282E-05
   6.40   0.45168E+00   0.52156E-05
   6.60   0.38608E+00   0.54974E-05
   6.80   0.30877E+00   0.56414E-05
   7.00   0.22915E+00   0.56879E-05
   7.20   0.15725E+00   0.56538E-05
   7.40   0.99620E-01   0.55435E-05
   7.60   0.58427E-01   0.53640E-05
   7.80   0.32362E-01   0.51693E-05
   8.00   0.18097E-01   0.51702E-05
   8.20   0.11708E-01   0.57297E-05
   8.40   0.96771E-02   0.67280E-05
   8.60   0.94044E-02   0.75487E-05
   8.80   0.93195E-02   0.80431E-05
   9.00   0.87259E-02   0.83672E-05
   9.20   0.75269E-02   0.86461E-05
   9.40   0.59428E-02   0.89394E-05
   9.60   0.42855E-02   0.92644E-05
   9.80   0.28176E-02   0.95988E-05
  10.00   0.16896E-02   0.98500E-05
  10.20   0.93741E-03   0.97816E-05
  10.40   0.51274E-03   0.90027E-05
  10.60   0.32421E-03   0.77078E-05
  10.80   0.27416E-03   0.76248E-05
  11.00   0.28262E-03   0.92617E-05
  11.20   0.29761E-03   0.11470E-04
  11.40   0.29440E-03   0.13620E-04
  11.60   0.26844E-03   0.15524E-04
  11.80   0.22635E-03   0.17029E-04
  12.00   0.17819E-03   0.17892E-04
  12.20   0.13252E-03   0.17779E-04
  12.40   0.94333E-04   0.16366E-04
  12.60   0.65104E-04   0.13578E-04
  12.80   0.44002E-04   0.98841E-05
  13.00   0.29212E-04   0.64325E-05
  13.20   0.18926E-04   0.48304E-05
  13.40   0.11787E-04   0.68614E-05
  13.60   0.69318E-05   0.14719E-04
  13.80   0.38118E-05   0.32032E-04
  14.00   0.20160E-05   0.64008E-04
  14.20   0.11695E-05   0.10564E-03
  14.40   0.92555E-06   0.11880E-03
  14.60   0.99937E-06   0.90730E-04
  14.80   0.11938E-05   0.54796E-04
  15.00   0.13923E-05   0.24317E-04
